Run,Iteration,agent-0,agent-1,agent-2,agent-3,agent-4,agent-5,agent-6,agent-7,agent-8,agent-9,agent-10,agent-11,agent-12,agent-13,agent-14,agent-15,agent-16,agent-17,agent-18,agent-19,agent-20,agent-21,agent-22,agent-23,agent-24,agent-25,agent-26,agent-27,agent-28,agent-29,agent-30,agent-31,agent-32,agent-33,agent-34,agent-35,agent-36,agent-37,agent-38,agent-39,agent-40,agent-41,agent-42,agent-43,agent-44,agent-45,agent-46,agent-47,agent-48,agent-49,agent-50,agent-51,agent-52,agent-53,agent-54,agent-55,agent-56,agent-57,agent-58,agent-59,agent-60,agent-61,agent-62,agent-63,agent-64,agent-65,agent-66,agent-67,agent-68,agent-69,agent-70,agent-71,agent-72,agent-73,agent-74,agent-75,agent-76,agent-77,agent-78,agent-79,agent-80,agent-81,agent-82,agent-83,agent-84,agent-85,agent-86,agent-87,agent-88,agent-89,agent-90,agent-91,agent-92,agent-93,agent-94,agent-95,agent-96,agent-97,agent-98,agent-99
0,0,0,3,1,2,2,0,0,2,0,1,1,0,0,0,1,1,0,2,4,1,4,1,0,0,1,2,2,0,3,0,3,1,0,3,0,1,1,1,0,1,0,0,0,5,4,2,0,1,0,0,0,2,1,1,1,0,0,0,0,1,1,2,0,1,4,0,0,3,0,1,0,1,0,0,0,0,2,2,1,0,0,0,4,0,0,0,3,2,1,3,1,1,0,3,2,0,1,0,3,0
0,1,0,3,2,2,0,0,0,2,0,1,1,0,0,0,1,1,0,2,4,1,4,1,0,0,1,2,2,0,3,0,3,1,0,3,0,1,1,1,6,1,1,0,0,5,0,3,0,0,1,4,1,0,3,1,1,0,0,0,0,1,1,2,0,1,4,0,0,3,0,1,2,3,0,0,0,0,0,2,1,0,0,0,4,0,0,3,0,1,2,3,1,1,0,3,2,0,1,0,3,0
0,2,0,3,2,2,0,0,0,2,0,1,1,0,0,0,0,1,0,2,3,2,4,1,0,0,1,2,2,0,3,0,3,1,0,3,0,1,1,1,6,1,1,0,0,5,0,3,0,0,1,4,1,0,3,1,1,0,0,0,2,1,1,2,0,1,4,0,0,3,0,1,2,3,0,0,0,0,0,2,1,0,1,0,4,0,0,3,0,1,2,3,1,1,0,3,2,0,1,0,4,0
0,3,0,3,2,2,0,0,0,2,0,1,1,0,0,0,0,1,0,2,3,2,4,1,0,0,1,2,2,0,3,0,3,1,0,3,0,1,1,1,0,1,1,2,0,4,0,3,0,0,1,4,1,0,3,1,1,0,0,0,2,1,1,2,0,1,4,0,0,3,0,1,4,3,0,0,0,0,0,2,1,0,1,0,4,0,0,0,0,1,2,3,1,1,0,0,2,0,1,0,4,0
0,4,0,3,2,2,0,0,0,2,0,1,1,0,0,0,0,1,0,2,3,2,4,1,0,0,1,2,2,0,3,0,3,1,0,0,1,2,2,1,0,1,1,2,0,4,0,3,0,0,1,4,1,0,3,1,1,0,0,0,2,1,1,2,0,1,4,0,4,0,0,1,4,3,0,0,0,0,0,2,1,0,1,0,4,0,0,0,0,1,2,3,1,1,0,0,2,0,1,0,4,0
0,5,0,3,2,2,0,0,0,2,0,1,1,0,0,0,0,1,0,2,3,2,4,1,0,0,1,2,2,0,3,0,3,1,0,0,1,2,2,1,0,1,1,2,0,4,0,3,0,0,1,4,1,0,3,1,1,0,0,0,2,1,1,3,0,1,4,0,4,3,0,1,4,3,0,0,0,0,0,2,1,0,1,0,4,0,0,0,0,1,2,3,1,1,0,0,2,0,0,0,4,0
0,6,0,3,2,2,0,0,0,2,0,1,1,0,0,0,0,1,0,2,3,2,4,1,0,0,1,2,2,0,3,0,3,1,0,0,1,2,2,1,0,1,1,2,0,4,0,3,0,0,1,4,1,0,3,1,2,0,0,0,2,1,1,3,0,1,4,0,4,3,0,1,4,3,0,0,0,0,0,2,1,0,1,0,4,0,0,0,0,1,2,3,1,1,0,0,2,0,0,0,4,0
0,7,0,3,2,2,0,0,0,2,0,1,1,0,0,0,0,1,0,2,3,2,4,1,0,0,1,2,2,0,3,0,3,1,0,0,1,2,2,1,0,1,1,2,0,4,0,3,0,0,1,6,1,0,3,1,2,0,0,0,2,3,1,3,0,1,4,0,4,3,0,1,4,3,0,0,0,0,0,2,1,0,1,0,4,0,0,0,0,1,2,3,1,1,0,0,2,0,0,0,4,0
0,8,0,3,2,2,0,0,0,2,1,1,0,0,0,0,0,1,0,2,3,2,3,1,0,0,1,2,2,0,3,0,3,1,0,0,1,2,2,1,0,1,1,2,0,4,0,3,0,0,1,6,1,0,3,1,2,0,0,0,2,1,1,3,0,1,4,0,4,3,0,1,4,3,0,0,0,0,0,2,1,0,1,0,4,0,0,0,0,1,2,2,1,1,0,0,2,1,0,0,4,0
0,9,0,3,2,2,0,0,0,2,1,1,0,0,0,0,0,1,0,2,3,2,3,1,0,0,1,2,2,0,3,0,3,1,0,0,1,2,2,1,0,1,1,2,0,4,0,0,0,0,1,6,1,0,3,1,2,0,0,0,2,3,1,3,0,1,4,0,4,3,0,1,4,3,0,0,0,0,0,2,1,0,1,0,2,0,0,0,0,1,2,2,1,2,0,0,2,1,1,0,4,0
0,10,0,3,2,2,0,0,0,2,1,1,0,0,0,0,0,1,0,2,3,2,3,1,0,0,1,2,2,0,3,0,3,1,0,0,1,2,2,1,0,1,1,2,0,4,0,0,0,0,1,6,1,0,3,1,2,0,0,0,2,3,1,3,0,1,4,0,4,3,0,1,4,3,0,0,0,0,0,2,1,0,1,0,1,0,0,0,0,1,2,2,1,2,0,0,2,1,1,0,4,0
0,11,0,3,2,2,0,0,0,2,1,1,0,0,0,0,0,1,0,2,3,2,3,1,0,0,1,2,2,0,3,0,3,1,0,0,1,2,2,1,0,1,1,2,0,4,0,0,0,0,1,6,1,0,3,1,2,0,0,0,2,3,1,3,0,1,4,0,4,3,0,1,4,3,0,0,0,0,0,2,1,0,1,0,1,0,0,0,0,1,2,2,1,2,0,0,2,1,1,0,4,0
0,12,0,3,2,2,0,0,0,2,1,1,0,0,0,0,0,1,0,2,3,2,3,1,0,0,1,2,2,0,3,0,3,1,0,0,1,2,2,1,0,1,1,2,0,4,0,0,0,0,1,6,1,0,3,1,2,0,0,0,2,3,1,3,0,1,4,0,4,3,0,1,4,3,0,0,0,0,0,2,1,0,1,0,1,0,0,0,0,1,2,2,1,2,0,0,2,1,1,0,4,0
0,13,0,3,2,2,0,0,0,2,1,1,0,0,0,0,0,1,0,2,3,2,3,1,0,0,1,2,2,0,3,0,3,1,0,0,1,2,2,1,0,1,1,2,0,4,0,0,0,0,1,6,1,0,3,1,2,0,0,0,2,3,1,3,0,1,4,0,4,3,0,1,4,3,0,0,0,0,0,2,1,0,1,0,1,0,0,0,0,1,2,2,1,2,0,0,2,1,1,0,4,0
0,14,0,3,2,2,0,0,0,2,1,1,0,0,0,0,0,1,0,2,3,2,3,1,0,0,1,2,2,0,3,0,3,1,0,0,1,2,2,1,0,1,1,2,0,4,0,0,0,0,1,6,1,0,3,1,2,0,0,0,2,3,1,3,0,1,4,0,4,3,0,1,4,3,0,0,0,0,0,2,1,0,1,0,1,0,0,0,0,1,2,2,1,2,0,0,2,1,1,0,4,0
0,15,0,3,2,2,0,0,0,2,1,1,0,0,0,0,0,1,0,2,3,2,3,1,0,0,1,2,2,0,3,0,3,1,0,0,1,2,2,1,0,1,1,2,0,4,0,0,0,0,1,6,1,0,3,1,2,0,0,0,2,3,1,3,0,1,4,0,4,3,0,1,4,3,0,0,0,0,0,2,1,0,1,0,1,0,0,0,0,1,2,2,1,2,0,0,2,1,1,0,4,0
0,16,0,3,2,2,0,0,0,2,1,1,0,0,0,0,0,1,0,2,3,2,3,1,0,0,1,2,2,0,3,0,3,1,0,0,1,2,2,1,0,1,1,2,0,4,0,0,0,0,1,6,1,0,3,1,2,0,0,0,2,3,1,3,0,1,4,0,4,3,0,1,4,3,0,0,0,0,0,2,1,0,1,0,1,0,0,0,0,1,2,2,1,2,0,0,2,1,1,0,4,0
0,17,0,3,2,2,0,0,0,2,1,1,0,0,0,0,0,1,0,2,3,2,3,1,0,0,1,2,2,0,3,0,3,1,0,0,1,2,2,1,0,1,1,2,0,4,0,0,0,0,1,6,1,0,3,1,2,0,0,0,2,3,1,3,0,1,4,0,4,3,0,1,4,3,0,0,0,0,0,2,1,0,1,0,1,0,0,0,0,1,2,2,1,2,0,0,2,1,1,0,4,0
0,18,0,3,2,2,0,0,0,2,1,1,0,0,0,0,0,1,0,2,3,2,3,1,0,0,1,2,2,0,3,0,3,1,0,0,1,2,2,1,0,1,1,2,0,4,0,0,0,0,1,6,1,0,3,1,2,0,0,0,2,3,1,3,0,1,4,0,4,3,0,1,4,3,0,0,0,0,0,2,1,0,1,0,1,0,0,0,0,1,2,2,1,2,0,0,2,1,1,0,4,0
0,19,0,3,2,2,0,0,0,2,1,1,0,0,0,0,0,1,0,2,3,2,3,1,0,0,1,2,2,0,3,0,3,1,0,0,1,2,2,1,0,1,1,2,0,4,0,0,0,0,1,6,1,0,3,1,2,0,0,0,2,3,1,3,0,1,4,0,4,3,0,1,4,3,0,0,0,0,0,2,1,0,1,0,1,0,0,0,0,1,2,2,1,2,0,0,2,1,1,0,4,0
0,20,0,3,2,2,0,0,0,2,1,1,0,0,0,0,0,1,0,2,3,2,3,1,0,0,1,2,2,0,3,0,3,1,0,0,1,2,2,1,0,1,1,2,0,4,0,0,0,0,1,6,1,0,3,1,2,0,0,0,2,3,1,3,0,1,4,0,4,3,0,1,4,3,0,0,0,0,0,2,1,0,1,0,1,0,0,0,0,1,2,2,1,2,0,0,2,1,1,0,4,0
0,21,0,3,2,2,0,0,0,2,1,1,0,0,0,0,0,1,0,2,3,2,3,1,0,0,1,2,2,0,3,0,3,1,0,0,1,2,2,1,0,1,1,2,0,4,0,0,0,0,1,6,1,0,3,1,2,0,0,0,2,3,1,3,0,1,4,0,4,3,0,1,4,3,0,0,0,0,0,2,1,0,1,0,1,0,0,0,0,1,2,2,1,2,0,0,2,1,1,0,4,0
0,22,0,3,2,2,0,0,0,2,1,1,0,0,0,0,0,1,0,2,3,2,3,1,0,0,1,2,2,0,3,0,3,1,0,0,1,2,2,1,0,1,1,2,0,4,0,0,0,0,1,6,1,0,3,1,2,0,0,0,2,3,1,3,0,1,4,0,4,3,0,1,4,3,0,0,0,0,0,2,1,0,1,0,1,0,0,0,0,1,2,2,1,2,0,0,2,1,1,0,4,0
0,23,0,3,2,2,0,0,0,2,1,1,0,0,0,0,0,1,0,2,3,2,3,1,0,0,1,2,2,0,3,0,3,1,0,0,1,2,2,1,0,1,1,2,0,4,0,0,0,0,1,6,1,0,3,1,2,0,0,0,2,3,1,3,0,1,4,0,4,3,0,1,4,3,0,0,0,0,0,2,1,0,1,0,1,0,0,0,0,1,2,2,1,2,0,0,2,1,1,0,4,0
0,24,0,3,2,2,0,0,0,2,1,1,0,0,0,0,0,1,0,2,3,2,3,1,0,0,1,2,2,0,3,0,3,1,0,0,1,2,2,1,0,1,1,2,0,4,0,0,0,0,1,6,1,0,3,1,2,0,0,0,2,3,1,3,0,1,4,0,4,3,0,1,4,3,0,0,0,0,0,2,1,0,1,0,1,0,0,0,0,1,2,2,1,2,0,0,2,1,1,0,4,0
0,25,0,3,2,2,0,0,0,2,1,1,0,0,0,0,0,1,0,2,3,2,3,1,0,0,1,2,2,0,3,0,3,1,0,0,1,2,2,1,0,1,1,2,0,4,0,0,0,0,1,6,1,0,3,1,2,0,0,0,2,3,1,3,0,1,4,0,4,3,0,1,4,3,0,0,0,0,0,2,1,0,1,0,1,0,0,0,0,1,2,2,1,2,0,0,2,1,1,0,4,0
0,26,0,3,2,2,0,0,0,2,1,1,0,0,0,0,0,1,0,2,3,2,3,1,0,0,1,2,2,0,3,0,3,1,0,0,1,2,2,1,0,1,1,2,0,4,0,0,0,0,1,6,1,0,3,1,2,0,0,0,2,3,1,3,0,1,4,0,4,3,0,1,4,3,0,0,0,0,0,2,1,0,1,0,1,0,0,0,0,1,2,2,1,2,0,0,2,1,1,0,4,0
0,27,0,3,2,2,0,0,0,2,1,1,0,0,0,0,0,1,0,2,3,2,3,1,0,0,1,2,2,0,3,0,3,1,0,0,1,2,2,1,0,1,1,2,0,4,0,0,0,0,1,6,1,0,3,1,2,0,0,0,2,3,1,3,0,1,4,0,4,3,0,1,4,3,0,0,0,0,0,2,1,0,1,0,1,0,0,0,0,1,2,2,1,2,0,0,2,1,1,0,4,0
0,28,0,3,2,2,0,0,0,2,1,1,0,0,0,0,0,1,0,2,3,2,3,1,0,0,1,2,2,0,3,0,3,1,0,0,1,2,2,1,0,1,1,2,0,4,0,0,0,0,1,6,1,0,3,1,2,0,0,0,2,3,1,3,0,1,4,0,4,3,0,1,4,3,0,0,0,0,0,2,1,0,1,0,1,0,0,0,0,1,2,2,1,2,0,0,2,1,1,0,4,0
0,29,0,3,2,2,0,0,0,2,1,1,0,0,0,0,0,1,0,2,3,2,3,1,0,0,1,2,2,0,3,0,3,1,0,0,1,2,2,1,0,1,1,2,0,4,0,0,0,0,1,6,1,0,3,1,2,0,0,0,2,3,1,3,0,1,4,0,4,3,0,1,4,3,0,0,0,0,0,2,1,0,1,0,1,0,0,0,0,1,2,2,1,2,0,0,2,1,1,0,4,0
0,30,0,3,2,2,0,0,0,2,1,1,0,0,0,0,0,1,0,2,3,2,3,1,0,0,1,2,2,0,3,0,3,1,0,0,1,2,2,1,0,1,1,2,0,4,0,0,0,0,1,6,1,0,3,1,2,0,0,0,2,3,1,3,0,1,4,0,4,3,0,1,4,3,0,0,0,0,0,2,1,0,1,0,1,0,0,0,0,1,2,2,1,2,0,0,2,1,1,0,4,0
0,31,0,3,2,2,0,0,0,2,1,1,0,0,0,0,0,1,0,2,3,2,3,1,0,0,1,2,2,0,3,0,3,1,0,0,1,2,2,1,0,1,1,2,0,4,0,0,0,0,1,6,1,0,3,1,2,0,0,0,2,3,1,3,0,1,4,0,4,3,0,1,4,3,0,0,0,0,0,2,1,0,1,0,1,0,0,0,0,1,2,2,1,2,0,0,2,1,1,0,4,0
0,32,0,3,2,2,0,0,0,2,1,1,0,0,0,0,0,1,0,2,3,2,3,1,0,0,1,2,2,0,3,0,3,1,0,0,1,2,2,1,0,1,1,2,0,4,0,0,0,0,1,6,1,0,3,1,2,0,0,0,2,3,1,3,0,1,4,0,4,3,0,1,4,3,0,0,0,0,0,2,1,0,1,0,1,0,0,0,0,1,2,2,1,2,0,0,2,1,1,0,4,0
0,33,0,3,2,2,0,0,0,2,1,1,0,0,0,0,0,1,0,2,3,2,3,1,0,0,1,2,2,0,3,0,3,1,0,0,1,2,2,1,0,1,1,2,0,4,0,0,0,0,1,6,1,0,3,1,2,0,0,0,2,3,1,3,0,1,4,0,4,3,0,1,4,3,0,0,0,0,0,2,1,0,1,0,1,0,0,0,0,1,2,2,1,2,0,0,2,1,1,0,4,0
0,34,0,3,2,2,0,0,0,2,1,1,0,0,0,0,0,1,0,2,3,2,3,1,0,0,1,2,2,0,3,0,3,1,0,0,1,2,2,1,0,1,1,2,0,4,0,0,0,0,1,6,1,0,3,1,2,0,0,0,2,3,1,3,0,1,4,0,4,3,0,1,4,3,0,0,0,0,0,2,1,0,1,0,1,0,0,0,0,1,2,2,1,2,0,0,2,1,1,0,4,0
0,35,0,3,2,2,0,0,0,2,1,1,0,0,0,0,0,1,0,2,3,2,3,1,0,0,1,2,2,0,3,0,3,1,0,0,1,2,2,1,0,1,1,2,0,4,0,0,0,0,1,6,1,0,3,1,2,0,0,0,2,3,1,3,0,1,4,0,4,3,0,1,4,3,0,0,0,0,0,2,1,0,1,0,1,0,0,0,0,1,2,2,1,2,0,0,2,1,1,0,4,0
0,36,0,3,2,2,0,0,0,2,1,1,0,0,0,0,0,1,0,2,3,2,3,1,0,0,1,2,2,0,3,0,3,1,0,0,1,2,2,1,0,1,1,2,0,4,0,0,0,0,1,6,1,0,3,1,2,0,0,0,2,3,1,3,0,1,4,0,4,3,0,1,4,3,0,0,0,0,0,2,1,0,1,0,1,0,0,0,0,1,2,2,1,2,0,0,2,1,1,0,4,0
0,37,0,3,2,2,0,0,0,2,1,1,0,0,0,0,0,1,0,2,3,2,3,1,0,0,1,2,2,0,3,0,3,1,0,0,1,2,2,1,0,1,1,2,0,4,0,0,0,0,1,6,1,0,3,1,2,0,0,0,2,3,1,3,0,1,4,0,4,3,0,1,4,3,0,0,0,0,0,2,1,0,1,0,1,0,0,0,0,1,2,2,1,2,0,0,2,1,1,0,4,0
0,38,0,3,2,2,0,0,0,2,1,1,0,0,0,0,0,1,0,2,3,2,3,1,0,0,1,2,2,0,3,0,3,1,0,0,1,2,2,1,0,1,1,2,0,4,0,0,0,0,1,6,1,0,3,1,2,0,0,0,2,3,1,3,0,1,4,0,4,3,0,1,4,3,0,0,0,0,0,2,1,0,1,0,1,0,0,0,0,1,2,2,1,2,0,0,2,1,1,0,4,0
0,39,0,3,2,2,0,0,0,2,1,1,0,0,0,0,0,1,0,2,3,2,3,1,0,0,1,2,2,0,3,0,3,1,0,0,1,2,2,1,0,1,1,2,0,4,0,0,0,0,1,6,1,0,3,1,2,0,0,0,2,3,1,3,0,1,4,0,4,3,0,1,4,3,0,0,0,0,0,2,1,0,1,0,1,0,0,0,0,1,2,2,1,2,0,0,2,1,1,0,4,0
1,0,1,4,2,0,0,0,2,0,3,1,2,2,3,3,1,1,2,4,0,0,0,0,0,2,0,1,1,0,1,1,0,3,1,0,1,0,0,1,2,0,0,1,1,3,1,1,2,4,0,0,2,0,0,1,1,2,1,0,0,1,0,7,0,2,0,0,0,0,0,0,0,1,2,0,2,0,1,0,0,0,5,1,0,2,1,1,1,1,3,1,3,0,3,1,1,0,0,2,0,0
1,1,1,4,2,0,0,0,2,0,3,1,2,2,3,3,1,1,2,4,0,0,0,0,0,2,4,2,0,0,1,0,2,1,0,3,1,1,2,1,2,0,0,1,1,3,1,1,2,4,0,0,2,0,0,1,1,2,1,0,0,1,0,1,0,1,2,2,0,3,1,0,0,1,2,0,2,0,1,0,0,0,5,0,0,0,1,1,1,1,3,1,3,0,1,1,1,0,1,2,1,0
1,2,1,1,1,0,2,0,2,0,3,1,2,2,3,3,1,1,2,4,0,0,0,0,0,2,4,2,0,0,1,0,2,1,0,3,1,1,2,1,2,0,0,1,1,3,1,1,6,3,3,2,2,1,1,1,1,2,1,0,0,1,0,1,0,1,2,2,0,3,1,0,0,1,2,0,0,0,1,0,0,0,5,0,0,0,1,1,1,1,0,1,3,0,1,1,1,0,1,2,1,0
1,3,0,1,1,0,2,0,2,0,3,1,2,2,3,3,1,1,2,4,0,0,0,0,0,2,4,2,0,0,1,0,2,1,0,3,1,1,2,1,2,0,0,1,1,3,1,1,6,8,3,2,2,1,1,1,1,2,1,0,0,1,0,1,0,1,2,2,0,3,1,0,0,1,2,1,0,5,1,0,0,0,5,0,0,0,1,1,1,1,0,1,3,0,1,1,1,0,1,2,1,0
1,4,0,1,1,0,2,4,2,0,3,1,3,0,3,3,1,1,2,4,0,0,0,0,0,2,4,2,0,0,1,0,2,1,4,3,1,1,2,1,2,0,0,1,1,3,1,1,6,8,3,2,2,1,1,1,1,2,0,0,0,1,0,1,0,1,2,2,0,3,1,0,0,1,2,1,0,5,1,0,0,0,5,0,0,0,1,1,1,1,0,1,3,0,1,1,1,0,1,2,1,0
1,5,0,1,1,0,2,4,2,0,3,2,3,0,3,3,1,1,2,4,0,0,0,0,0,2,4,2,0,2,1,0,2,1,4,3,1,1,2,1,2,0,0,1,1,3,1,1,6,8,3,2,2,1,1,1,1,3,0,0,0,1,2,1,0,1,2,2,0,3,1,0,0,1,2,1,0,5,1,0,0,0,1,0,0,0,1,1,1,1,0,1,3,0,1,1,1,0,1,2,1,0
1,6,0,1,1,0,2,4,2,0,3,2,3,0,3,3,1,1,2,4,0,0,0,0,0,2,4,2,0,2,1,0,2,1,4,3,1,1,2,1,2,0,0,1,1,3,1,1,6,8,3,2,2,1,1,1,1,3,0,0,0,1,2,2,0,1,2,2,0,3,1,0,0,1,2,1,0,5,1,0,0,0,1,0,0,0,1,1,1,1,0,1,3,0,1,1,1,0,1,2,1,0
1,7,0,1,1,0,2,4,2,0,3,2,3,0,3,3,1,1,2,4,0,0,0,0,0,2,4,2,0,2,1,0,2,1,4,3,1,1,2,1,2,0,0,1,1,3,1,1,6,8,3,2,2,1,1,1,1,3,0,0,0,1,2,2,0,1,2,2,0,3,1,0,0,1,2,1,0,5,1,0,0,0,1,0,0,0,1,1,1,1,0,1,3,0,1,1,1,0,1,2,1,0
1,8,0,1,1,0,2,4,2,0,3,2,3,0,3,3,1,1,2,4,0,0,0,0,0,2,4,2,0,2,1,0,2,1,4,3,1,1,2,1,2,0,0,1,1,3,1,1,6,8,3,2,2,1,1,1,1,3,0,0,0,1,2,2,0,1,2,2,0,3,1,0,0,1,2,1,0,5,1,0,0,0,1,0,0,0,1,1,1,1,0,1,3,0,1,1,1,0,1,2,1,0
1,9,0,1,1,0,2,4,2,0,3,2,3,0,3,3,1,1,2,4,0,0,0,0,0,2,4,2,0,2,1,0,2,1,4,3,1,1,2,1,2,0,0,1,1,3,1,1,6,8,3,2,2,1,1,1,1,3,0,0,0,1,2,2,0,1,2,2,0,3,1,0,0,1,2,1,0,5,1,0,0,0,1,0,0,0,1,1,1,1,0,1,3,0,1,1,1,0,1,2,1,0
1,10,0,1,1,0,2,4,2,0,3,2,3,0,3,3,1,1,2,4,0,0,0,0,0,2,4,2,0,2,1,0,2,1,4,3,1,1,2,1,2,0,0,1,1,3,1,1,6,8,3,2,2,1,1,1,1,3,0,0,0,1,2,2,0,1,2,2,0,3,1,0,0,1,2,1,0,5,1,0,0,0,1,0,0,0,1,1,1,1,0,1,3,0,1,1,1,0,1,2,1,0
1,11,0,1,1,0,2,4,2,0,3,2,3,0,3,3,1,1,2,4,0,0,0,0,0,2,4,2,0,2,1,0,2,1,4,3,1,1,2,1,2,0,0,1,1,3,1,1,6,8,3,2,2,1,1,1,1,3,0,0,0,1,2,2,0,1,2,2,0,3,1,0,0,1,2,1,0,5,1,0,0,0,1,0,0,0,1,1,1,1,0,1,3,0,1,1,1,0,1,2,1,0
1,12,0,1,1,0,2,4,2,0,3,2,3,0,3,3,1,1,2,4,0,0,0,0,0,2,4,2,0,2,1,0,2,1,4,3,1,1,2,1,2,0,0,1,1,3,1,1,6,8,3,2,2,1,1,1,1,3,0,0,0,1,2,2,0,1,2,2,0,3,1,0,0,1,2,1,0,5,1,0,0,0,1,0,0,0,1,1,1,1,0,1,3,0,1,1,1,0,1,2,1,0
1,13,0,1,1,0,2,4,2,0,3,2,3,0,3,3,1,1,2,4,0,0,0,0,0,2,4,2,0,2,1,0,2,1,4,3,1,1,2,1,2,0,0,1,1,3,1,1,6,8,3,2,2,1,1,1,1,3,0,0,0,1,2,2,0,1,2,2,0,3,1,0,0,1,2,1,0,5,1,0,0,0,1,0,0,0,1,1,1,1,0,1,3,0,1,1,1,0,1,2,1,0
1,14,0,1,1,0,2,4,2,0,3,2,3,0,3,3,1,1,2,4,0,0,0,0,0,2,4,2,0,2,1,0,2,1,4,3,1,1,2,1,2,0,0,1,1,3,1,1,6,8,3,2,2,1,1,1,1,3,0,0,0,1,2,2,0,1,2,2,0,3,1,0,0,1,2,1,0,5,1,0,0,0,1,0,0,0,1,1,1,1,0,1,3,0,1,1,1,0,1,2,1,0
1,15,0,1,1,0,2,4,2,0,3,2,3,0,3,3,1,1,2,4,0,0,0,0,0,2,4,2,0,2,1,0,2,1,4,3,1,1,2,1,2,0,0,1,1,3,1,1,6,8,3,2,2,1,1,1,1,3,0,0,0,1,2,2,0,1,2,2,0,3,1,0,0,1,2,1,0,5,1,0,0,0,1,0,0,0,1,1,1,1,0,1,3,0,1,1,1,0,1,2,1,0
1,16,0,1,1,0,2,4,2,0,3,2,3,0,3,3,1,1,2,4,0,0,0,0,0,2,4,2,0,2,1,0,2,1,4,3,1,1,2,1,2,0,0,1,1,3,1,1,6,8,3,2,2,1,1,1,1,3,0,0,0,1,2,2,0,1,2,2,0,3,1,0,0,1,2,1,0,5,1,0,0,0,1,0,0,0,1,1,1,1,0,1,3,0,1,1,1,0,1,2,1,0
1,17,0,1,1,0,2,4,2,0,3,2,3,0,3,3,1,1,2,4,0,0,0,0,0,2,4,2,0,2,1,0,2,1,4,3,1,1,2,1,2,0,0,1,1,3,1,1,6,8,3,2,2,1,1,1,1,3,0,0,0,1,2,2,0,1,2,2,0,3,1,0,0,1,2,1,0,5,1,0,0,0,1,0,0,0,1,1,1,1,0,1,3,0,1,1,1,0,1,2,1,0
1,18,0,1,1,0,2,4,2,0,3,2,3,0,3,3,1,1,2,4,0,0,0,0,0,2,4,2,0,2,1,0,2,1,4,3,1,1,2,1,2,0,0,1,1,3,1,1,6,8,3,2,2,1,1,1,1,3,0,0,0,1,2,2,0,1,2,2,0,3,1,0,0,1,2,1,0,5,1,0,0,0,1,0,0,0,1,1,1,1,0,1,3,0,1,1,1,0,1,2,1,0
1,19,0,1,1,0,2,4,2,0,3,2,3,0,3,3,1,1,2,4,0,0,0,0,0,2,4,2,0,2,1,0,2,1,4,3,1,1,2,1,2,0,0,1,1,3,1,1,6,8,3,2,2,1,1,1,1,3,0,0,0,1,2,2,0,1,2,2,0,3,1,0,0,1,2,1,0,5,1,0,0,0,1,0,0,0,1,1,1,1,0,1,3,0,1,1,1,0,1,2,1,0
1,20,0,1,1,0,2,4,2,0,3,2,3,0,3,3,1,1,2,4,0,0,0,0,0,2,4,2,0,2,1,0,2,1,4,3,1,1,2,1,2,0,0,1,1,3,1,1,6,8,3,2,2,1,1,1,1,3,0,0,0,1,2,2,0,1,2,2,0,3,1,0,0,1,2,1,0,5,1,0,0,0,1,0,0,0,1,1,1,1,0,1,3,0,1,1,1,0,1,2,1,0
1,21,0,1,1,0,2,4,2,0,3,2,3,0,3,3,1,1,2,4,0,0,0,0,0,2,4,2,0,2,1,0,2,1,4,3,1,1,2,1,2,0,0,1,1,3,1,1,6,8,3,2,2,1,1,1,1,3,0,0,0,1,2,2,0,1,2,2,0,3,1,0,0,1,2,1,0,5,1,0,0,0,1,0,0,0,1,1,1,1,0,1,3,0,1,1,1,0,1,2,1,0
1,22,0,1,1,0,2,4,2,0,3,2,3,0,3,3,1,1,2,4,0,0,0,0,0,2,4,2,0,2,1,0,2,1,4,3,1,1,2,1,2,0,0,1,1,3,1,1,6,8,3,2,2,1,1,1,1,3,0,0,0,1,2,2,0,1,2,2,0,3,1,0,0,1,2,1,0,5,1,0,0,0,1,0,0,0,1,1,1,1,0,1,3,0,1,1,1,0,1,2,1,0
1,23,0,1,1,0,2,4,2,0,3,2,3,0,3,3,1,1,2,4,0,0,0,0,0,2,4,2,0,2,1,0,2,1,4,3,1,1,2,1,2,0,0,1,1,3,1,1,6,8,3,2,2,1,1,1,1,3,0,0,0,1,2,2,0,1,2,2,0,3,1,0,0,1,2,1,0,5,1,0,0,0,1,0,0,0,1,1,1,1,0,1,3,0,1,1,1,0,1,2,1,0
1,24,0,1,1,0,2,4,2,0,3,2,3,0,3,3,1,1,2,4,0,0,0,0,0,2,4,2,0,2,1,0,2,1,4,3,1,1,2,1,2,0,0,1,1,3,1,1,6,8,3,2,2,1,1,1,1,3,0,0,0,1,2,2,0,1,2,2,0,3,1,0,0,1,2,1,0,5,1,0,0,0,1,0,0,0,1,1,1,1,0,1,3,0,1,1,1,0,1,2,1,0
1,25,0,1,1,0,2,4,2,0,3,2,3,0,3,3,1,1,2,4,0,0,0,0,0,2,4,2,0,2,1,0,2,1,4,3,1,1,2,1,2,0,0,1,1,3,1,1,6,8,3,2,2,1,1,1,1,3,0,0,0,1,2,2,0,1,2,2,0,3,1,0,0,1,2,1,0,5,1,0,0,0,1,0,0,0,1,1,1,1,0,1,3,0,1,1,1,0,1,2,1,0
1,26,0,1,1,0,2,4,2,0,3,2,3,0,3,3,1,1,2,4,0,0,0,0,0,2,4,2,0,2,1,0,2,1,4,3,1,1,2,1,2,0,0,1,1,3,1,1,6,8,3,2,2,1,1,1,1,3,0,0,0,1,2,2,0,1,2,2,0,3,1,0,0,1,2,1,0,5,1,0,0,0,1,0,0,0,1,1,1,1,0,1,3,0,1,1,1,0,1,2,1,0
1,27,0,1,1,0,2,4,2,0,3,2,3,0,3,3,1,1,2,4,0,0,0,0,0,2,4,2,0,2,1,0,2,1,4,3,1,1,2,1,2,0,0,1,1,3,1,1,6,8,3,2,2,1,1,1,1,3,0,0,0,1,2,2,0,1,2,2,0,3,1,0,0,1,2,1,0,5,1,0,0,0,1,0,0,0,1,1,1,1,0,1,3,0,1,1,1,0,1,2,1,0
1,28,0,1,1,0,2,4,2,0,3,2,3,0,3,3,1,1,2,4,0,0,0,0,0,2,4,2,0,2,1,0,2,1,4,3,1,1,2,1,2,0,0,1,1,3,1,1,6,8,3,2,2,1,1,1,1,3,0,0,0,1,2,2,0,1,2,2,0,3,1,0,0,1,2,1,0,5,1,0,0,0,1,0,0,0,1,1,1,1,0,1,3,0,1,1,1,0,1,2,1,0
1,29,0,1,1,0,2,4,2,0,3,2,3,0,3,3,1,1,2,4,0,0,0,0,0,2,4,2,0,2,1,0,2,1,4,3,1,1,2,1,2,0,0,1,1,3,1,1,6,8,3,2,2,1,1,1,1,3,0,0,0,1,2,2,0,1,2,2,0,3,1,0,0,1,2,1,0,5,1,0,0,0,1,0,0,0,1,1,1,1,0,1,3,0,1,1,1,0,1,2,1,0
1,30,0,1,1,0,2,4,2,0,3,2,3,0,3,3,1,1,2,4,0,0,0,0,0,2,4,2,0,2,1,0,2,1,4,3,1,1,2,1,2,0,0,1,1,3,1,1,6,8,3,2,2,1,1,1,1,3,0,0,0,1,2,2,0,1,2,2,0,3,1,0,0,1,2,1,0,5,1,0,0,0,1,0,0,0,1,1,1,1,0,1,3,0,1,1,1,0,1,2,1,0
1,31,0,1,1,0,2,4,2,0,3,2,3,0,3,3,1,1,2,4,0,0,0,0,0,2,4,2,0,2,1,0,2,1,4,3,1,1,2,1,2,0,0,1,1,3,1,1,6,8,3,2,2,1,1,1,1,3,0,0,0,1,2,2,0,1,2,2,0,3,1,0,0,1,2,1,0,5,1,0,0,0,1,0,0,0,1,1,1,1,0,1,3,0,1,1,1,0,1,2,1,0
1,32,0,1,1,0,2,4,2,0,3,2,3,0,3,3,1,1,2,4,0,0,0,0,0,2,4,2,0,2,1,0,2,1,4,3,1,1,2,1,2,0,0,1,1,3,1,1,6,8,3,2,2,1,1,1,1,3,0,0,0,1,2,2,0,1,2,2,0,3,1,0,0,1,2,1,0,5,1,0,0,0,1,0,0,0,1,1,1,1,0,1,3,0,1,1,1,0,1,2,1,0
1,33,0,1,1,0,2,4,2,0,3,2,3,0,3,3,1,1,2,4,0,0,0,0,0,2,4,2,0,2,1,0,2,1,4,3,1,1,2,1,2,0,0,1,1,3,1,1,6,8,3,2,2,1,1,1,1,3,0,0,0,1,2,2,0,1,2,2,0,3,1,0,0,1,2,1,0,5,1,0,0,0,1,0,0,0,1,1,1,1,0,1,3,0,1,1,1,0,1,2,1,0
1,34,0,1,1,0,2,4,2,0,3,2,3,0,3,3,1,1,2,4,0,0,0,0,0,2,4,2,0,2,1,0,2,1,4,3,1,1,2,1,2,0,0,1,1,3,1,1,6,8,3,2,2,1,1,1,1,3,0,0,0,1,2,2,0,1,2,2,0,3,1,0,0,1,2,1,0,5,1,0,0,0,1,0,0,0,1,1,1,1,0,1,3,0,1,1,1,0,1,2,1,0
1,35,0,1,1,0,2,4,2,0,3,2,3,0,3,3,1,1,2,4,0,0,0,0,0,2,4,2,0,2,1,0,2,1,4,3,1,1,2,1,2,0,0,1,1,3,1,1,6,8,3,2,2,1,1,1,1,3,0,0,0,1,2,2,0,1,2,2,0,3,1,0,0,1,2,1,0,5,1,0,0,0,1,0,0,0,1,1,1,1,0,1,3,0,1,1,1,0,1,2,1,0
1,36,0,1,1,0,2,4,2,0,3,2,3,0,3,3,1,1,2,4,0,0,0,0,0,2,4,2,0,2,1,0,2,1,4,3,1,1,2,1,2,0,0,1,1,3,1,1,6,8,3,2,2,1,1,1,1,3,0,0,0,1,2,2,0,1,2,2,0,3,1,0,0,1,2,1,0,5,1,0,0,0,1,0,0,0,1,1,1,1,0,1,3,0,1,1,1,0,1,2,1,0
1,37,0,1,1,0,2,4,2,0,3,2,3,0,3,3,1,1,2,4,0,0,0,0,0,2,4,2,0,2,1,0,2,1,4,3,1,1,2,1,2,0,0,1,1,3,1,1,6,8,3,2,2,1,1,1,1,3,0,0,0,1,2,2,0,1,2,2,0,3,1,0,0,1,2,1,0,5,1,0,0,0,1,0,0,0,1,1,1,1,0,1,3,0,1,1,1,0,1,2,1,0
1,38,0,1,1,0,2,4,2,0,3,2,3,0,3,3,1,1,2,4,0,0,0,0,0,2,4,2,0,2,1,0,2,1,4,3,1,1,2,1,2,0,0,1,1,3,1,1,6,8,3,2,2,1,1,1,1,3,0,0,0,1,2,2,0,1,2,2,0,3,1,0,0,1,2,1,0,5,1,0,0,0,1,0,0,0,1,1,1,1,0,1,3,0,1,1,1,0,1,2,1,0
1,39,0,1,1,0,2,4,2,0,3,2,3,0,3,3,1,1,2,4,0,0,0,0,0,2,4,2,0,2,1,0,2,1,4,3,1,1,2,1,2,0,0,1,1,3,1,1,6,8,3,2,2,1,1,1,1,3,0,0,0,1,2,2,0,1,2,2,0,3,1,0,0,1,2,1,0,5,1,0,0,0,1,0,0,0,1,1,1,1,0,1,3,0,1,1,1,0,1,2,1,0
2,0,1,0,6,5,0,0,1,0,0,1,0,1,0,1,1,0,3,1,0,0,1,0,0,0,3,1,0,1,4,3,0,0,1,0,1,0,0,2,4,0,2,4,2,1,2,0,0,0,1,1,1,4,1,0,3,4,4,1,0,0,1,0,2,0,2,4,0,4,3,1,0,1,1,3,0,3,2,0,0,0,5,1,1,0,2,0,0,3,2,3,1,0,2,0,1,0,1,0,0,0
2,1,0,0,0,5,2,0,1,0,0,1,0,1,0,1,1,0,3,1,0,0,1,0,0,0,3,1,0,1,4,3,0,0,1,0,1,0,0,0,1,0,0,3,0,1,2,0,0,2,2,2,1,0,1,0,3,4,4,1,0,0,1,0,2,0,2,4,0,4,3,1,0,2,2,0,1,2,1,0,0,0,5,1,1,0,2,0,0,4,0,3,1,0,2,0,0,0,1,0,0,0
2,2,0,0,0,5,2,0,1,0,0,2,2,1,4,1,0,0,0,1,0,1,3,0,0,0,3,1,0,1,4,3,0,0,1,0,1,0,0,0,1,0,0,3,0,1,2,0,0,2,2,2,1,0,1,2,1,0,2,1,0,2,3,0,2,0,2,4,0,4,3,1,0,2,2,0,1,2,1,1,0,0,0,1,1,0,2,0,0,4,0,0,2,0,2,0,0,0,1,0,0,0
2,3,0,0,0,3,2,0,1,0,0,2,2,1,4,1,0,0,0,1,0,1,3,1,0,4,0,1,0,1,0,3,0,0,1,0,1,0,0,0,1,0,0,3,0,4,2,0,0,2,2,2,1,0,0,2,1,0,2,1,0,2,3,0,2,0,3,4,0,4,3,1,0,2,2,0,1,2,3,1,0,0,0,1,1,0,2,1,0,4,0,0,2,0,2,0,0,0,1,0,0,0
2,4,0,0,0,3,2,0,1,0,1,2,2,1,2,1,0,0,0,1,0,0,3,1,0,4,3,1,0,1,0,3,0,0,1,0,2,0,0,0,1,0,0,3,0,4,2,0,0,2,2,2,1,0,0,0,1,0,2,1,0,2,3,0,2,0,3,0,0,4,3,1,0,2,2,0,1,2,3,0,0,0,0,1,1,0,2,1,0,4,0,0,2,0,0,0,0,0,1,0,0,0
2,5,0,0,0,3,2,0,1,0,1,2,2,1,2,1,0,0,0,1,0,0,3,1,0,4,3,1,0,1,0,3,0,0,1,0,2,0,0,0,1,0,0,3,0,4,2,0,0,2,2,2,1,0,0,2,1,0,2,1,0,2,3,0,2,0,3,0,0,4,3,1,0,2,2,0,1,2,0,1,0,0,0,1,1,0,2,1,0,4,0,0,2,0,0,0,0,0,1,0,0,0
2,6,0,0,0,3,2,0,1,0,1,2,2,1,2,1,1,0,0,1,0,0,3,1,0,4,3,1,0,1,0,3,0,0,1,0,2,0,0,0,1,0,0,3,0,4,2,0,0,2,2,2,1,0,0,2,1,0,2,1,0,2,3,0,2,0,3,0,0,4,3,1,0,2,2,0,1,2,0,1,0,0,0,1,1,0,2,1,0,4,0,0,2,1,0,0,0,0,1,0,0,0
2,7,0,0,0,2,2,0,1,0,1,2,2,1,2,1,1,0,0,1,0,0,3,1,0,4,3,1,0,1,0,3,0,0,1,0,2,0,0,0,1,5,0,3,0,4,2,0,0,2,2,2,1,0,0,2,1,0,2,1,0,2,3,0,2,0,3,0,0,4,3,2,0,2,2,0,1,2,0,1,0,0,0,1,1,0,2,1,0,4,0,0,2,1,0,0,0,0,1,0,0,0
2,8,0,0,0,2,2,0,1,0,1,2,2,1,2,1,1,0,0,1,0,0,3,1,0,4,3,1,0,1,0,3,0,0,1,0,2,0,0,0,1,5,0,3,0,4,2,0,0,2,2,2,1,0,0,2,1,0,2,1,0,2,3,0,2,0,3,0,0,4,3,2,0,2,2,0,1,2,0,1,0,0,0,1,1,0,2,1,0,4,0,0,2,1,0,0,0,0,1,0,0,0
2,9,0,0,0,2,2,0,1,0,1,2,2,1,2,1,1,0,0,1,0,0,3,1,0,4,3,1,0,1,0,3,0,0,1,0,2,0,0,0,1,5,0,3,0,4,2,0,0,2,2,2,1,0,0,2,1,0,2,1,0,2,3,0,2,0,3,0,0,4,3,2,0,2,2,0,1,2,0,1,0,0,0,1,1,0,2,1,0,4,0,0,2,1,0,0,0,0,1,0,0,0
2,10,0,0,0,2,2,0,1,0,1,2,2,1,2,1,1,0,0,1,0,0,3,1,0,4,3,1,0,1,0,3,0,0,1,0,2,0,0,0,1,5,0,3,0,4,2,0,0,2,2,2,1,0,0,2,1,0,2,1,0,2,3,0,2,0,3,0,0,4,3,2,0,2,2,0,1,2,0,1,0,0,0,1,1,0,2,1,0,4,0,0,2,1,0,0,0,0,1,0,0,0
2,11,0,0,0,2,2,0,1,0,1,2,2,1,2,1,1,0,0,1,0,0,3,1,0,4,3,1,0,1,0,3,0,0,1,0,2,0,0,0,1,5,0,3,0,4,2,0,0,2,2,2,1,0,0,2,1,0,2,1,0,2,3,0,2,0,3,0,0,4,3,2,0,2,2,0,1,2,0,1,0,0,0,1,1,0,2,1,0,4,0,0,2,1,0,0,0,0,1,0,0,0
2,12,0,0,0,2,2,0,1,0,1,2,2,1,2,1,1,0,0,1,0,0,3,1,0,4,3,1,0,1,0,3,0,0,1,0,2,0,0,0,1,5,0,3,0,4,2,0,0,2,2,2,1,0,0,2,1,0,2,1,0,2,3,0,2,0,3,0,0,4,3,2,0,2,2,0,1,2,0,1,0,0,0,1,1,0,2,1,0,4,0,0,2,1,0,0,0,0,1,0,0,0
2,13,0,0,0,2,2,0,1,0,1,2,2,1,2,1,1,0,0,1,0,0,3,1,0,4,3,1,0,1,0,3,0,0,1,0,2,0,0,0,1,5,0,3,0,4,2,0,0,2,2,2,1,0,0,2,1,0,2,1,0,2,3,0,2,0,3,0,0,4,3,2,0,2,2,0,1,2,0,1,0,0,0,1,1,0,2,1,0,4,0,0,2,1,0,0,0,0,1,0,0,0
2,14,0,0,0,2,2,0,1,0,1,2,2,1,2,1,1,0,0,1,0,0,3,1,0,4,3,1,0,1,0,3,0,0,1,0,2,0,0,0,1,5,0,3,0,4,2,0,0,2,2,2,1,0,0,2,1,0,2,1,0,2,3,0,2,0,3,0,0,4,3,2,0,2,2,0,1,2,0,1,0,0,0,1,1,0,2,1,0,4,0,0,2,1,0,0,0,0,1,0,0,0
2,15,0,0,0,2,2,0,1,0,1,2,2,1,2,1,1,0,0,1,0,0,3,1,0,4,3,1,0,1,0,3,0,0,1,0,2,0,0,0,1,5,0,3,0,4,2,0,0,2,2,2,1,0,0,2,1,0,2,1,0,2,3,0,2,0,3,0,0,4,3,2,0,2,2,0,1,2,0,1,0,0,0,1,1,0,2,1,0,4,0,0,2,1,0,0,0,0,1,0,0,0
2,16,0,0,0,2,2,0,1,0,1,2,2,1,2,1,1,0,0,1,0,0,3,1,0,4,3,1,0,1,0,3,0,0,1,0,2,0,0,0,1,5,0,3,0,4,2,0,0,2,2,2,1,0,0,2,1,0,2,1,0,2,3,0,2,0,3,0,0,4,3,2,0,2,2,0,1,2,0,1,0,0,0,1,1,0,2,1,0,4,0,0,2,1,0,0,0,0,1,0,0,0
2,17,0,0,0,2,2,0,1,0,1,2,2,1,2,1,1,0,0,1,0,0,3,1,0,4,3,1,0,1,0,3,0,0,1,0,2,0,0,0,1,5,0,3,0,4,2,0,0,2,2,2,1,0,0,2,1,0,2,1,0,2,3,0,2,0,3,0,0,4,3,2,0,2,2,0,1,2,0,1,0,0,0,1,1,0,2,1,0,4,0,0,2,1,0,0,0,0,1,0,0,0
2,18,0,0,0,2,2,0,1,0,1,2,2,1,2,1,1,0,0,1,0,0,3,1,0,4,3,1,0,1,0,3,0,0,1,0,2,0,0,0,1,5,0,3,0,4,2,0,0,2,2,2,1,0,0,2,1,0,2,1,0,2,3,0,2,0,3,0,0,4,3,2,0,2,2,0,1,2,0,1,0,0,0,1,1,0,2,1,0,4,0,0,2,1,0,0,0,0,1,0,0,0
2,19,0,0,0,2,2,0,1,0,1,2,2,1,2,1,1,0,0,1,0,0,3,1,0,4,3,1,0,1,0,3,0,0,1,0,2,0,0,0,1,5,0,3,0,4,2,0,0,2,2,2,1,0,0,2,1,0,2,1,0,2,3,0,2,0,3,0,0,4,3,2,0,2,2,0,1,2,0,1,0,0,0,1,1,0,2,1,0,4,0,0,2,1,0,0,0,0,1,0,0,0
2,20,0,0,0,2,2,0,1,0,1,2,2,1,2,1,1,0,0,1,0,0,3,1,0,4,3,1,0,1,0,3,0,0,1,0,2,0,0,0,1,5,0,3,0,4,2,0,0,2,2,2,1,0,0,2,1,0,2,1,0,2,3,0,2,0,3,0,0,4,3,2,0,2,2,0,1,2,0,1,0,0,0,1,1,0,2,1,0,4,0,0,2,1,0,0,0,0,1,0,0,0
2,21,0,0,0,2,2,0,1,0,1,2,2,1,2,1,1,0,0,1,0,0,3,1,0,4,3,1,0,1,0,3,0,0,1,0,2,0,0,0,1,5,0,3,0,4,2,0,0,2,2,2,1,0,0,2,1,0,2,1,0,2,3,0,2,0,3,0,0,4,3,2,0,2,2,0,1,2,0,1,0,0,0,1,1,0,2,1,0,4,0,0,2,1,0,0,0,0,1,0,0,0
2,22,0,0,0,2,2,0,1,0,1,2,2,1,2,1,1,0,0,1,0,0,3,1,0,4,3,1,0,1,0,3,0,0,1,0,2,0,0,0,1,5,0,3,0,4,2,0,0,2,2,2,1,0,0,2,1,0,2,1,0,2,3,0,2,0,3,0,0,4,3,2,0,2,2,0,1,2,0,1,0,0,0,1,1,0,2,1,0,4,0,0,2,1,0,0,0,0,1,0,0,0
2,23,0,0,0,2,2,0,1,0,1,2,2,1,2,1,1,0,0,1,0,0,3,1,0,4,3,1,0,1,0,3,0,0,1,0,2,0,0,0,1,5,0,3,0,4,2,0,0,2,2,2,1,0,0,2,1,0,2,1,0,2,3,0,2,0,3,0,0,4,3,2,0,2,2,0,1,2,0,1,0,0,0,1,1,0,2,1,0,4,0,0,2,1,0,0,0,0,1,0,0,0
2,24,0,0,0,2,2,0,1,0,1,2,2,1,2,1,1,0,0,1,0,0,3,1,0,4,3,1,0,1,0,3,0,0,1,0,2,0,0,0,1,5,0,3,0,4,2,0,0,2,2,2,1,0,0,2,1,0,2,1,0,2,3,0,2,0,3,0,0,4,3,2,0,2,2,0,1,2,0,1,0,0,0,1,1,0,2,1,0,4,0,0,2,1,0,0,0,0,1,0,0,0
2,25,0,0,0,2,2,0,1,0,1,2,2,1,2,1,1,0,0,1,0,0,3,1,0,4,3,1,0,1,0,3,0,0,1,0,2,0,0,0,1,5,0,3,0,4,2,0,0,2,2,2,1,0,0,2,1,0,2,1,0,2,3,0,2,0,3,0,0,4,3,2,0,2,2,0,1,2,0,1,0,0,0,1,1,0,2,1,0,4,0,0,2,1,0,0,0,0,1,0,0,0
2,26,0,0,0,2,2,0,1,0,1,2,2,1,2,1,1,0,0,1,0,0,3,1,0,4,3,1,0,1,0,3,0,0,1,0,2,0,0,0,1,5,0,3,0,4,2,0,0,2,2,2,1,0,0,2,1,0,2,1,0,2,3,0,2,0,3,0,0,4,3,2,0,2,2,0,1,2,0,1,0,0,0,1,1,0,2,1,0,4,0,0,2,1,0,0,0,0,1,0,0,0
2,27,0,0,0,2,2,0,1,0,1,2,2,1,2,1,1,0,0,1,0,0,3,1,0,4,3,1,0,1,0,3,0,0,1,0,2,0,0,0,1,5,0,3,0,4,2,0,0,2,2,2,1,0,0,2,1,0,2,1,0,2,3,0,2,0,3,0,0,4,3,2,0,2,2,0,1,2,0,1,0,0,0,1,1,0,2,1,0,4,0,0,2,1,0,0,0,0,1,0,0,0
2,28,0,0,0,2,2,0,1,0,1,2,2,1,2,1,1,0,0,1,0,0,3,1,0,4,3,1,0,1,0,3,0,0,1,0,2,0,0,0,1,5,0,3,0,4,2,0,0,2,2,2,1,0,0,2,1,0,2,1,0,2,3,0,2,0,3,0,0,4,3,2,0,2,2,0,1,2,0,1,0,0,0,1,1,0,2,1,0,4,0,0,2,1,0,0,0,0,1,0,0,0
2,29,0,0,0,2,2,0,1,0,1,2,2,1,2,1,1,0,0,1,0,0,3,1,0,4,3,1,0,1,0,3,0,0,1,0,2,0,0,0,1,5,0,3,0,4,2,0,0,2,2,2,1,0,0,2,1,0,2,1,0,2,3,0,2,0,3,0,0,4,3,2,0,2,2,0,1,2,0,1,0,0,0,1,1,0,2,1,0,4,0,0,2,1,0,0,0,0,1,0,0,0
2,30,0,0,0,2,2,0,1,0,1,2,2,1,2,1,1,0,0,1,0,0,3,1,0,4,3,1,0,1,0,3,0,0,1,0,2,0,0,0,1,5,0,3,0,4,2,0,0,2,2,2,1,0,0,2,1,0,2,1,0,2,3,0,2,0,3,0,0,4,3,2,0,2,2,0,1,2,0,1,0,0,0,1,1,0,2,1,0,4,0,0,2,1,0,0,0,0,1,0,0,0
2,31,0,0,0,2,2,0,1,0,1,2,2,1,2,1,1,0,0,1,0,0,3,1,0,4,3,1,0,1,0,3,0,0,1,0,2,0,0,0,1,5,0,3,0,4,2,0,0,2,2,2,1,0,0,2,1,0,2,1,0,2,3,0,2,0,3,0,0,4,3,2,0,2,2,0,1,2,0,1,0,0,0,1,1,0,2,1,0,4,0,0,2,1,0,0,0,0,1,0,0,0
2,32,0,0,0,2,2,0,1,0,1,2,2,1,2,1,1,0,0,1,0,0,3,1,0,4,3,1,0,1,0,3,0,0,1,0,2,0,0,0,1,5,0,3,0,4,2,0,0,2,2,2,1,0,0,2,1,0,2,1,0,2,3,0,2,0,3,0,0,4,3,2,0,2,2,0,1,2,0,1,0,0,0,1,1,0,2,1,0,4,0,0,2,1,0,0,0,0,1,0,0,0
2,33,0,0,0,2,2,0,1,0,1,2,2,1,2,1,1,0,0,1,0,0,3,1,0,4,3,1,0,1,0,3,0,0,1,0,2,0,0,0,1,5,0,3,0,4,2,0,0,2,2,2,1,0,0,2,1,0,2,1,0,2,3,0,2,0,3,0,0,4,3,2,0,2,2,0,1,2,0,1,0,0,0,1,1,0,2,1,0,4,0,0,2,1,0,0,0,0,1,0,0,0
2,34,0,0,0,2,2,0,1,0,1,2,2,1,2,1,1,0,0,1,0,0,3,1,0,4,3,1,0,1,0,3,0,0,1,0,2,0,0,0,1,5,0,3,0,4,2,0,0,2,2,2,1,0,0,2,1,0,2,1,0,2,3,0,2,0,3,0,0,4,3,2,0,2,2,0,1,2,0,1,0,0,0,1,1,0,2,1,0,4,0,0,2,1,0,0,0,0,1,0,0,0
2,35,0,0,0,2,2,0,1,0,1,2,2,1,2,1,1,0,0,1,0,0,3,1,0,4,3,1,0,1,0,3,0,0,1,0,2,0,0,0,1,5,0,3,0,4,2,0,0,2,2,2,1,0,0,2,1,0,2,1,0,2,3,0,2,0,3,0,0,4,3,2,0,2,2,0,1,2,0,1,0,0,0,1,1,0,2,1,0,4,0,0,2,1,0,0,0,0,1,0,0,0
2,36,0,0,0,2,2,0,1,0,1,2,2,1,2,1,1,0,0,1,0,0,3,1,0,4,3,1,0,1,0,3,0,0,1,0,2,0,0,0,1,5,0,3,0,4,2,0,0,2,2,2,1,0,0,2,1,0,2,1,0,2,3,0,2,0,3,0,0,4,3,2,0,2,2,0,1,2,0,1,0,0,0,1,1,0,2,1,0,4,0,0,2,1,0,0,0,0,1,0,0,0
2,37,0,0,0,2,2,0,1,0,1,2,2,1,2,1,1,0,0,1,0,0,3,1,0,4,3,1,0,1,0,3,0,0,1,0,2,0,0,0,1,5,0,3,0,4,2,0,0,2,2,2,1,0,0,2,1,0,2,1,0,2,3,0,2,0,3,0,0,4,3,2,0,2,2,0,1,2,0,1,0,0,0,1,1,0,2,1,0,4,0,0,2,1,0,0,0,0,1,0,0,0
2,38,0,0,0,2,2,0,1,0,1,2,2,1,2,1,1,0,0,1,0,0,3,1,0,4,3,1,0,1,0,3,0,0,1,0,2,0,0,0,1,5,0,3,0,4,2,0,0,2,2,2,1,0,0,2,1,0,2,1,0,2,3,0,2,0,3,0,0,4,3,2,0,2,2,0,1,2,0,1,0,0,0,1,1,0,2,1,0,4,0,0,2,1,0,0,0,0,1,0,0,0
2,39,0,0,0,2,2,0,1,0,1,2,2,1,2,1,1,0,0,1,0,0,3,1,0,4,3,1,0,1,0,3,0,0,1,0,2,0,0,0,1,5,0,3,0,4,2,0,0,2,2,2,1,0,0,2,1,0,2,1,0,2,3,0,2,0,3,0,0,4,3,2,0,2,2,0,1,2,0,1,0,0,0,1,1,0,2,1,0,4,0,0,2,1,0,0,0,0,1,0,0,0
3,0,3,1,0,0,0,0,0,1,0,0,0,1,1,0,1,2,3,3,0,0,0,2,0,1,1,3,1,1,0,0,2,0,0,1,1,0,3,0,0,4,0,2,0,0,0,0,2,0,2,0,1,3,0,2,0,1,0,1,0,1,4,4,2,2,3,0,1,3,0,0,0,4,0,1,1,0,0,0,0,0,2,3,2,2,0,2,2,0,2,0,0,0,0,2,0,0,0,3,3,0
3,1,0,0,0,1,1,0,0,1,0,0,0,1,1,0,1,2,3,3,0,0,0,2,0,1,1,3,1,1,0,0,2,0,0,1,1,0,3,1,2,4,0,1,0,1,0,0,3,1,1,0,0,1,0,2,0,1,0,1,0,1,4,4,2,2,3,0,1,3,0,1,0,1,0,1,3,1,0,0,0,0,2,3,2,2,0,2,2,1,1,0,0,0,0,0,0,0,0,3,3,0
3,2,0,0,0,1,1,0,0,1,0,1,8,0,0,0,1,2,3,3,1,0,0,2,0,1,1,3,1,1,0,0,2,0,0,1,1,0,3,1,2,4,0,1,0,1,0,0,3,1,1,0,0,1,0,2,0,1,0,0,0,3,4,4,2,2,3,0,1,3,0,1,0,1,0,1,3,1,0,0,3,0,1,3,2,2,0,2,2,1,1,4,3,0,0,0,0,0,0,3,1,0
3,3,0,0,0,1,1,0,0,1,0,3,8,0,0,0,1,2,3,3,1,0,0,2,0,1,1,3,1,1,0,0,2,0,0,1,1,0,3,1,2,4,0,1,0,1,0,0,3,1,1,0,0,1,0,2,0,1,0,0,2,0,4,4,2,1,0,0,1,3,0,1,0,1,0,1,3,1,0,0,2,0,2,3,0,2,0,2,2,1,1,4,3,1,0,0,0,0,0,3,1,0
3,4,0,0,0,1,1,0,0,1,0,3,8,0,0,0,1,2,3,3,1,0,0,2,0,1,1,3,1,1,0,0,2,0,0,1,1,0,3,1,0,4,0,1,0,1,0,0,3,1,3,0,0,1,1,2,0,1,0,0,2,0,4,4,2,1,0,0,1,3,0,1,0,1,0,1,3,1,0,0,2,0,2,3,0,2,0,2,2,1,1,4,3,1,0,0,0,0,0,3,1,0
3,5,0,0,0,1,0,0,0,1,0,3,8,0,0,0,1,2,1,3,0,0,0,2,0,1,1,3,1,1,0,0,2,0,0,1,1,3,3,1,0,4,0,1,0,1,0,0,3,1,3,0,0,1,3,2,0,1,0,0,2,0,4,4,2,1,0,0,1,3,0,1,0,1,0,1,3,1,0,0,2,0,4,3,0,2,0,2,0,1,1,4,3,1,0,0,0,0,0,3,1,0
3,6,0,0,0,0,0,0,0,1,0,3,8,0,0,1,1,2,1,3,0,0,0,2,0,1,1,3,1,1,0,0,2,0,0,1,1,3,2,1,0,4,0,1,0,1,0,0,3,1,3,0,0,1,1,2,0,1,0,0,2,0,4,4,2,1,0,0,1,3,0,1,0,1,0,1,3,1,0,0,2,0,4,3,0,2,0,2,0,1,2,4,3,1,0,0,0,0,0,3,1,0
3,7,0,0,0,0,0,0,0,1,0,3,8,0,0,1,1,2,1,3,0,0,0,2,0,1,1,3,1,0,0,0,2,0,0,1,1,3,2,1,0,4,0,1,0,1,0,0,3,1,3,0,0,1,1,2,0,1,0,0,2,0,4,1,2,1,0,0,1,3,0,1,0,1,0,1,3,1,0,0,2,0,4,3,0,2,0,2,0,1,2,4,3,1,0,0,0,0,0,3,1,0
3,8,0,0,0,0,0,0,0,1,0,3,8,0,0,1,1,2,1,3,0,0,0,2,0,1,1,3,1,0,0,0,2,0,0,1,1,3,2,1,0,4,0,1,0,1,0,0,3,1,3,0,0,1,1,2,0,1,0,0,2,0,4,1,2,1,0,0,1,3,0,1,0,1,0,1,3,1,0,0,2,0,4,3,0,2,0,2,0,1,2,4,3,1,0,0,0,0,0,3,1,0
3,9,0,0,0,0,0,0,0,1,0,3,8,0,0,1,1,2,1,3,0,0,0,2,0,1,1,3,1,0,0,0,2,0,0,1,1,3,2,1,0,4,0,1,0,1,0,0,3,1,3,0,0,1,1,2,0,1,0,0,2,0,4,1,2,1,0,0,1,3,0,1,0,1,0,1,3,1,0,0,2,0,4,3,0,2,0,2,0,1,2,4,3,1,0,0,0,0,0,3,1,0
3,10,0,0,0,0,0,0,0,1,0,3,8,0,0,1,1,2,1,3,0,0,0,2,0,1,1,3,1,0,0,0,2,0,0,1,1,3,2,1,0,4,0,1,0,1,0,0,3,1,3,0,0,1,1,2,0,1,0,0,2,0,4,1,2,1,0,0,1,3,0,1,0,1,0,1,3,1,0,0,2,0,4,3,0,2,0,2,0,1,2,4,3,1,0,0,0,0,0,3,1,0
3,11,0,0,0,0,0,0,0,1,0,3,8,0,0,1,1,2,1,3,0,0,0,2,0,1,1,3,1,0,0,0,2,0,0,1,1,3,2,1,0,4,0,1,0,1,0,0,3,1,3,0,0,1,1,2,0,1,0,0,2,0,4,1,2,1,0,0,1,3,0,1,0,1,0,1,3,1,0,0,2,0,4,3,0,2,0,2,0,1,2,4,3,1,0,0,0,0,0,3,1,0
3,12,0,0,0,0,0,0,0,1,0,3,8,0,0,1,1,2,1,3,0,0,0,2,0,1,1,3,1,0,0,0,2,0,0,1,1,3,2,1,0,4,0,1,0,1,0,0,3,1,3,0,0,1,1,2,0,1,0,0,2,0,4,1,2,1,0,0,1,3,0,1,0,1,0,1,3,1,0,0,2,0,4,3,0,2,0,2,0,1,2,4,3,1,0,0,0,0,0,3,1,0
3,13,0,0,0,0,0,0,0,1,0,3,8,0,0,1,1,2,1,3,0,0,0,2,0,1,1,3,1,0,0,0,2,0,0,1,1,3,2,1,0,4,0,1,0,1,0,0,3,1,3,0,0,1,1,2,0,1,0,0,2,0,4,1,2,1,0,0,1,3,0,1,0,1,0,1,3,1,0,0,2,0,4,3,0,2,0,2,0,1,2,4,3,1,0,0,0,0,0,3,1,0
3,14,0,0,0,0,0,0,0,1,0,3,8,0,0,1,1,2,1,3,0,0,0,2,0,1,1,3,1,0,0,0,2,0,0,1,1,3,2,1,0,4,0,1,0,1,0,0,3,1,3,0,0,1,1,2,0,1,0,0,2,0,4,1,2,1,0,0,1,3,0,1,0,1,0,1,3,1,0,0,2,0,4,3,0,2,0,2,0,1,2,4,3,1,0,0,0,0,0,3,1,0
3,15,0,0,0,0,0,0,0,1,0,3,8,0,0,1,1,2,1,3,0,0,0,2,0,1,1,3,1,0,0,0,2,0,0,1,1,3,2,1,0,4,0,1,0,1,0,0,3,1,3,0,0,1,1,2,0,1,0,0,2,0,4,1,2,1,0,0,1,3,0,1,0,1,0,1,3,1,0,0,2,0,4,3,0,2,0,2,0,1,2,4,3,1,0,0,0,0,0,3,1,0
3,16,0,0,0,0,0,0,0,1,0,3,8,0,0,1,1,2,1,3,0,0,0,2,0,1,1,3,1,0,0,0,2,0,0,1,1,3,2,1,0,4,0,1,0,1,0,0,3,1,3,0,0,1,1,2,0,1,0,0,2,0,4,1,2,1,0,0,1,3,0,1,0,1,0,1,3,1,0,0,2,0,4,3,0,2,0,2,0,1,2,4,3,1,0,0,0,0,0,3,1,0
3,17,0,0,0,0,0,0,0,1,0,3,8,0,0,1,1,2,1,3,0,0,0,2,0,1,1,3,1,0,0,0,2,0,0,1,1,3,2,1,0,4,0,1,0,1,0,0,3,1,3,0,0,1,1,2,0,1,0,0,2,0,4,1,2,1,0,0,1,3,0,1,0,1,0,1,3,1,0,0,2,0,4,3,0,2,0,2,0,1,2,4,3,1,0,0,0,0,0,3,1,0
3,18,0,0,0,0,0,0,0,1,0,3,8,0,0,1,1,2,1,3,0,0,0,2,0,1,1,3,1,0,0,0,2,0,0,1,1,3,2,1,0,4,0,1,0,1,0,0,3,1,3,0,0,1,1,2,0,1,0,0,2,0,4,1,2,1,0,0,1,3,0,1,0,1,0,1,3,1,0,0,2,0,4,3,0,2,0,2,0,1,2,4,3,1,0,0,0,0,0,3,1,0
3,19,0,0,0,0,0,0,0,1,0,3,8,0,0,1,1,2,1,3,0,0,0,2,0,1,1,3,1,0,0,0,2,0,0,1,1,3,2,1,0,4,0,1,0,1,0,0,3,1,3,0,0,1,1,2,0,1,0,0,2,0,4,1,2,1,0,0,1,3,0,1,0,1,0,1,3,1,0,0,2,0,4,3,0,2,0,2,0,1,2,4,3,1,0,0,0,0,0,3,1,0
3,20,0,0,0,0,0,0,0,1,0,3,8,0,0,1,1,2,1,3,0,0,0,2,0,1,1,3,1,0,0,0,2,0,0,1,1,3,2,1,0,4,0,1,0,1,0,0,3,1,3,0,0,1,1,2,0,1,0,0,2,0,4,1,2,1,0,0,1,3,0,1,0,1,0,1,3,1,0,0,2,0,4,3,0,2,0,2,0,1,2,4,3,1,0,0,0,0,0,3,1,0
3,21,0,0,0,0,0,0,0,1,0,3,8,0,0,1,1,2,1,3,0,0,0,2,0,1,1,3,1,0,0,0,2,0,0,1,1,3,2,1,0,4,0,1,0,1,0,0,3,1,3,0,0,1,1,2,0,1,0,0,2,0,4,1,2,1,0,0,1,3,0,1,0,1,0,1,3,1,0,0,2,0,4,3,0,2,0,2,0,1,2,4,3,1,0,0,0,0,0,3,1,0
3,22,0,0,0,0,0,0,0,1,0,3,8,0,0,1,1,2,1,3,0,0,0,2,0,1,1,3,1,0,0,0,2,0,0,1,1,3,2,1,0,4,0,1,0,1,0,0,3,1,3,0,0,1,1,2,0,1,0,0,2,0,4,1,2,1,0,0,1,3,0,1,0,1,0,1,3,1,0,0,2,0,4,3,0,2,0,2,0,1,2,4,3,1,0,0,0,0,0,3,1,0
3,23,0,0,0,0,0,0,0,1,0,3,8,0,0,1,1,2,1,3,0,0,0,2,0,1,1,3,1,0,0,0,2,0,0,1,1,3,2,1,0,4,0,1,0,1,0,0,3,1,3,0,0,1,1,2,0,1,0,0,2,0,4,1,2,1,0,0,1,3,0,1,0,1,0,1,3,1,0,0,2,0,4,3,0,2,0,2,0,1,2,4,3,1,0,0,0,0,0,3,1,0
3,24,0,0,0,0,0,0,0,1,0,3,8,0,0,1,1,2,1,3,0,0,0,2,0,1,1,3,1,0,0,0,2,0,0,1,1,3,2,1,0,4,0,1,0,1,0,0,3,1,3,0,0,1,1,2,0,1,0,0,2,0,4,1,2,1,0,0,1,3,0,1,0,1,0,1,3,1,0,0,2,0,4,3,0,2,0,2,0,1,2,4,3,1,0,0,0,0,0,3,1,0
3,25,0,0,0,0,0,0,0,1,0,3,8,0,0,1,1,2,1,3,0,0,0,2,0,1,1,3,1,0,0,0,2,0,0,1,1,3,2,1,0,4,0,1,0,1,0,0,3,1,3,0,0,1,1,2,0,1,0,0,2,0,4,1,2,1,0,0,1,3,0,1,0,1,0,1,3,1,0,0,2,0,4,3,0,2,0,2,0,1,2,4,3,1,0,0,0,0,0,3,1,0
3,26,0,0,0,0,0,0,0,1,0,3,8,0,0,1,1,2,1,3,0,0,0,2,0,1,1,3,1,0,0,0,2,0,0,1,1,3,2,1,0,4,0,1,0,1,0,0,3,1,3,0,0,1,1,2,0,1,0,0,2,0,4,1,2,1,0,0,1,3,0,1,0,1,0,1,3,1,0,0,2,0,4,3,0,2,0,2,0,1,2,4,3,1,0,0,0,0,0,3,1,0
3,27,0,0,0,0,0,0,0,1,0,3,8,0,0,1,1,2,1,3,0,0,0,2,0,1,1,3,1,0,0,0,2,0,0,1,1,3,2,1,0,4,0,1,0,1,0,0,3,1,3,0,0,1,1,2,0,1,0,0,2,0,4,1,2,1,0,0,1,3,0,1,0,1,0,1,3,1,0,0,2,0,4,3,0,2,0,2,0,1,2,4,3,1,0,0,0,0,0,3,1,0
3,28,0,0,0,0,0,0,0,1,0,3,8,0,0,1,1,2,1,3,0,0,0,2,0,1,1,3,1,0,0,0,2,0,0,1,1,3,2,1,0,4,0,1,0,1,0,0,3,1,3,0,0,1,1,2,0,1,0,0,2,0,4,1,2,1,0,0,1,3,0,1,0,1,0,1,3,1,0,0,2,0,4,3,0,2,0,2,0,1,2,4,3,1,0,0,0,0,0,3,1,0
3,29,0,0,0,0,0,0,0,1,0,3,8,0,0,1,1,2,1,3,0,0,0,2,0,1,1,3,1,0,0,0,2,0,0,1,1,3,2,1,0,4,0,1,0,1,0,0,3,1,3,0,0,1,1,2,0,1,0,0,2,0,4,1,2,1,0,0,1,3,0,1,0,1,0,1,3,1,0,0,2,0,4,3,0,2,0,2,0,1,2,4,3,1,0,0,0,0,0,3,1,0
3,30,0,0,0,0,0,0,0,1,0,3,8,0,0,1,1,2,1,3,0,0,0,2,0,1,1,3,1,0,0,0,2,0,0,1,1,3,2,1,0,4,0,1,0,1,0,0,3,1,3,0,0,1,1,2,0,1,0,0,2,0,4,1,2,1,0,0,1,3,0,1,0,1,0,1,3,1,0,0,2,0,4,3,0,2,0,2,0,1,2,4,3,1,0,0,0,0,0,3,1,0
3,31,0,0,0,0,0,0,0,1,0,3,8,0,0,1,1,2,1,3,0,0,0,2,0,1,1,3,1,0,0,0,2,0,0,1,1,3,2,1,0,4,0,1,0,1,0,0,3,1,3,0,0,1,1,2,0,1,0,0,2,0,4,1,2,1,0,0,1,3,0,1,0,1,0,1,3,1,0,0,2,0,4,3,0,2,0,2,0,1,2,4,3,1,0,0,0,0,0,3,1,0
3,32,0,0,0,0,0,0,0,1,0,3,8,0,0,1,1,2,1,3,0,0,0,2,0,1,1,3,1,0,0,0,2,0,0,1,1,3,2,1,0,4,0,1,0,1,0,0,3,1,3,0,0,1,1,2,0,1,0,0,2,0,4,1,2,1,0,0,1,3,0,1,0,1,0,1,3,1,0,0,2,0,4,3,0,2,0,2,0,1,2,4,3,1,0,0,0,0,0,3,1,0
3,33,0,0,0,0,0,0,0,1,0,3,8,0,0,1,1,2,1,3,0,0,0,2,0,1,1,3,1,0,0,0,2,0,0,1,1,3,2,1,0,4,0,1,0,1,0,0,3,1,3,0,0,1,1,2,0,1,0,0,2,0,4,1,2,1,0,0,1,3,0,1,0,1,0,1,3,1,0,0,2,0,4,3,0,2,0,2,0,1,2,4,3,1,0,0,0,0,0,3,1,0
3,34,0,0,0,0,0,0,0,1,0,3,8,0,0,1,1,2,1,3,0,0,0,2,0,1,1,3,1,0,0,0,2,0,0,1,1,3,2,1,0,4,0,1,0,1,0,0,3,1,3,0,0,1,1,2,0,1,0,0,2,0,4,1,2,1,0,0,1,3,0,1,0,1,0,1,3,1,0,0,2,0,4,3,0,2,0,2,0,1,2,4,3,1,0,0,0,0,0,3,1,0
3,35,0,0,0,0,0,0,0,1,0,3,8,0,0,1,1,2,1,3,0,0,0,2,0,1,1,3,1,0,0,0,2,0,0,1,1,3,2,1,0,4,0,1,0,1,0,0,3,1,3,0,0,1,1,2,0,1,0,0,2,0,4,1,2,1,0,0,1,3,0,1,0,1,0,1,3,1,0,0,2,0,4,3,0,2,0,2,0,1,2,4,3,1,0,0,0,0,0,3,1,0
3,36,0,0,0,0,0,0,0,1,0,3,8,0,0,1,1,2,1,3,0,0,0,2,0,1,1,3,1,0,0,0,2,0,0,1,1,3,2,1,0,4,0,1,0,1,0,0,3,1,3,0,0,1,1,2,0,1,0,0,2,0,4,1,2,1,0,0,1,3,0,1,0,1,0,1,3,1,0,0,2,0,4,3,0,2,0,2,0,1,2,4,3,1,0,0,0,0,0,3,1,0
3,37,0,0,0,0,0,0,0,1,0,3,8,0,0,1,1,2,1,3,0,0,0,2,0,1,1,3,1,0,0,0,2,0,0,1,1,3,2,1,0,4,0,1,0,1,0,0,3,1,3,0,0,1,1,2,0,1,0,0,2,0,4,1,2,1,0,0,1,3,0,1,0,1,0,1,3,1,0,0,2,0,4,3,0,2,0,2,0,1,2,4,3,1,0,0,0,0,0,3,1,0
3,38,0,0,0,0,0,0,0,1,0,3,8,0,0,1,1,2,1,3,0,0,0,2,0,1,1,3,1,0,0,0,2,0,0,1,1,3,2,1,0,4,0,1,0,1,0,0,3,1,3,0,0,1,1,2,0,1,0,0,2,0,4,1,2,1,0,0,1,3,0,1,0,1,0,1,3,1,0,0,2,0,4,3,0,2,0,2,0,1,2,4,3,1,0,0,0,0,0,3,1,0
3,39,0,0,0,0,0,0,0,1,0,3,8,0,0,1,1,2,1,3,0,0,0,2,0,1,1,3,1,0,0,0,2,0,0,1,1,3,2,1,0,4,0,1,0,1,0,0,3,1,3,0,0,1,1,2,0,1,0,0,2,0,4,1,2,1,0,0,1,3,0,1,0,1,0,1,3,1,0,0,2,0,4,3,0,2,0,2,0,1,2,4,3,1,0,0,0,0,0,3,1,0
4,0,1,1,1,1,1,1,0,1,0,1,1,0,0,0,1,1,2,1,1,0,0,0,3,0,2,0,1,0,0,2,3,0,1,0,4,0,0,1,0,0,0,0,2,3,0,0,0,0,0,1,0,1,0,1,3,2,1,1,1,0,0,0,2,1,0,2,0,0,1,1,1,1,1,0,0,0,2,0,1,1,0,1,2,2,1,1,1,0,0,0,2,1,0,0,0,2,0,0,2,0
4,1,1,1,1,1,1,3,1,1,0,0,2,0,2,2,1,2,0,1,0,4,0,0,3,0,2,0,1,0,0,2,3,0,1,0,4,0,0,1,0,0,0,0,2,3,0,0,0,0,0,1,0,1,0,0,3,0,0,1,0,0,1,0,2,1,0,2,0,0,1,1,1,1,1,0,0,0,2,1,3,1,0,1,2,2,1,1,1,0,0,0,1,1,0,0,0,3,0,0,1,0
4,2,1,1,1,1,1,3,1,1,4,0,2,0,2,2,1,2,0,1,1,4,0,0,3,0,2,2,1,0,0,2,3,2,6,0,5,0,0,1,0,0,0,0,2,3,0,0,0,0,0,1,0,1,0,0,0,0,0,1,0,0,1,0,2,0,1,2,0,0,0,1,1,1,1,0,0,0,2,1,3,1,0,1,3,1,1,1,1,0,0,0,1,1,0,0,0,3,0,0,2,0
4,3,1,1,1,1,1,3,1,1,4,0,2,0,2,2,1,2,0,1,1,4,0,0,3,0,2,2,1,0,0,2,3,2,6,0,5,0,0,1,0,0,0,1,2,3,1,0,0,0,0,1,0,0,0,0,0,0,0,1,0,0,1,0,2,0,1,2,0,0,0,1,1,0,1,3,0,0,2,1,3,1,0,1,3,1,1,1,3,0,0,0,1,1,2,0,0,3,0,0,2,3
4,4,1,1,1,1,1,3,1,1,4,0,2,0,2,2,1,2,0,0,1,4,0,0,3,0,2,2,1,0,0,2,3,2,6,0,5,0,0,1,0,0,0,1,2,3,1,0,1,0,0,1,0,0,0,0,0,0,0,1,0,0,0,0,2,0,1,2,0,0,0,1,1,0,1,3,0,0,2,1,3,1,0,1,3,1,1,1,3,0,0,0,1,1,2,0,0,3,0,0,1,3
4,5,1,1,1,1,1,3,1,1,4,0,2,0,2,2,1,2,0,0,1,4,0,0,3,0,2,2,1,0,0,2,3,2,6,0,5,0,0,1,0,0,0,1,2,3,1,0,1,0,0,1,0,0,0,0,0,0,0,1,0,0,0,0,2,0,1,2,0,0,0,1,1,0,1,3,0,0,2,1,3,1,0,1,3,1,1,1,3,0,0,0,1,1,2,0,0,3,0,0,1,3
4,6,1,1,1,1,1,3,1,1,4,0,2,0,2,2,1,2,0,0,1,4,0,0,3,0,2,2,1,0,0,2,3,2,6,0,5,0,0,1,0,0,0,1,2,3,1,0,1,0,0,1,0,0,0,0,0,0,0,1,0,0,0,0,2,0,1,2,0,0,0,1,1,0,1,3,0,0,2,1,3,1,0,1,3,1,1,1,3,0,0,0,1,1,2,0,0,3,0,0,1,3
4,7,1,1,1,1,1,3,1,1,4,0,2,0,2,2,1,2,0,0,1,4,0,0,3,0,2,2,1,0,0,2,3,2,6,0,5,0,0,1,0,0,0,1,2,3,1,0,1,0,0,1,0,0,0,0,0,0,0,1,0,0,0,0,2,0,1,2,0,0,0,1,1,0,1,3,0,0,2,1,3,1,0,1,3,1,1,1,3,0,0,0,1,1,2,0,0,3,0,0,1,3
4,8,1,1,1,1,1,3,1,1,4,0,2,0,2,2,1,2,0,0,1,4,0,0,3,0,2,2,1,0,0,2,3,2,6,0,5,0,0,1,0,0,0,1,2,3,1,0,1,0,0,1,0,0,0,0,0,0,0,1,0,0,0,0,2,0,1,2,0,0,0,1,1,0,1,3,0,0,2,1,3,1,0,1,3,1,1,1,3,0,0,0,1,1,2,0,0,3,0,0,1,3
4,9,1,1,1,1,1,3,1,1,4,0,2,0,2,2,1,2,0,0,1,4,0,0,3,0,2,2,1,0,0,2,3,2,6,0,5,0,0,1,0,0,0,1,2,3,1,0,1,0,0,1,0,0,0,0,0,0,0,1,0,0,0,0,2,0,1,2,0,0,0,1,1,0,1,3,0,0,2,1,3,1,0,1,3,1,1,1,3,0,0,0,1,1,2,0,0,3,0,0,1,3
4,10,1,1,1,1,1,3,1,1,4,0,2,0,2,2,1,2,0,0,1,4,0,0,3,0,2,2,1,0,0,2,3,2,6,0,5,0,0,1,0,0,0,1,2,3,1,0,1,0,0,1,0,0,0,0,0,0,0,1,0,0,0,0,2,0,1,2,0,0,0,1,1,0,1,3,0,0,2,1,3,1,0,1,3,1,1,1,3,0,0,0,1,1,2,0,0,3,0,0,1,3
4,11,1,1,1,1,1,3,1,1,4,0,2,0,2,2,1,2,0,0,1,4,0,0,3,0,2,2,1,0,0,2,3,2,6,0,5,0,0,1,0,0,0,1,2,3,1,0,1,0,0,1,0,0,0,0,0,0,0,1,0,0,0,0,2,0,1,2,0,0,0,1,1,0,1,3,0,0,2,1,3,1,0,1,3,1,1,1,3,0,0,0,1,1,2,0,0,3,0,0,1,3
4,12,1,1,1,1,1,3,1,1,4,0,2,0,2,2,1,2,0,0,1,4,0,0,3,0,2,2,1,0,0,2,3,2,6,0,5,0,0,1,0,0,0,1,2,3,1,0,1,0,0,1,0,0,0,0,0,0,0,1,0,0,0,0,2,0,1,2,0,0,0,1,1,0,1,3,0,0,2,1,3,1,0,1,3,1,1,1,3,0,0,0,1,1,2,0,0,3,0,0,1,3
4,13,1,1,1,1,1,3,1,1,4,0,2,0,2,2,1,2,0,0,1,4,0,0,3,0,2,2,1,0,0,2,3,2,6,0,5,0,0,1,0,0,0,1,2,3,1,0,1,0,0,1,0,0,0,0,0,0,0,1,0,0,0,0,2,0,1,2,0,0,0,1,1,0,1,3,0,0,2,1,3,1,0,1,3,1,1,1,3,0,0,0,1,1,2,0,0,3,0,0,1,3
4,14,1,1,1,1,1,3,1,1,4,0,2,0,2,2,1,2,0,0,1,4,0,0,3,0,2,2,1,0,0,2,3,2,6,0,5,0,0,1,0,0,0,1,2,3,1,0,1,0,0,1,0,0,0,0,0,0,0,1,0,0,0,0,2,0,1,2,0,0,0,1,1,0,1,3,0,0,2,1,3,1,0,1,3,1,1,1,3,0,0,0,1,1,2,0,0,3,0,0,1,3
4,15,1,1,1,1,1,3,1,1,4,0,2,0,2,2,1,2,0,0,1,4,0,0,3,0,2,2,1,0,0,2,3,2,6,0,5,0,0,1,0,0,0,1,2,3,1,0,1,0,0,1,0,0,0,0,0,0,0,1,0,0,0,0,2,0,1,2,0,0,0,1,1,0,1,3,0,0,2,1,3,1,0,1,3,1,1,1,3,0,0,0,1,1,2,0,0,3,0,0,1,3
4,16,1,1,1,1,1,3,1,1,4,0,2,0,2,2,1,2,0,0,1,4,0,0,3,0,2,2,1,0,0,2,3,2,6,0,5,0,0,1,0,0,0,1,2,3,1,0,1,0,0,1,0,0,0,0,0,0,0,1,0,0,0,0,2,0,1,2,0,0,0,1,1,0,1,3,0,0,2,1,3,1,0,1,3,1,1,1,3,0,0,0,1,1,2,0,0,3,0,0,1,3
4,17,1,1,1,1,1,3,1,1,4,0,2,0,2,2,1,2,0,0,1,4,0,0,3,0,2,2,1,0,0,2,3,2,6,0,5,0,0,1,0,0,0,1,2,3,1,0,1,0,0,1,0,0,0,0,0,0,0,1,0,0,0,0,2,0,1,2,0,0,0,1,1,0,1,3,0,0,2,1,3,1,0,1,3,1,1,1,3,0,0,0,1,1,2,0,0,3,0,0,1,3
4,18,1,1,1,1,1,3,1,1,4,0,2,0,2,2,1,2,0,0,1,4,0,0,3,0,2,2,1,0,0,2,3,2,6,0,5,0,0,1,0,0,0,1,2,3,1,0,1,0,0,1,0,0,0,0,0,0,0,1,0,0,0,0,2,0,1,2,0,0,0,1,1,0,1,3,0,0,2,1,3,1,0,1,3,1,1,1,3,0,0,0,1,1,2,0,0,3,0,0,1,3
4,19,1,1,1,1,1,3,1,1,4,0,2,0,2,2,1,2,0,0,1,4,0,0,3,0,2,2,1,0,0,2,3,2,6,0,5,0,0,1,0,0,0,1,2,3,1,0,1,0,0,1,0,0,0,0,0,0,0,1,0,0,0,0,2,0,1,2,0,0,0,1,1,0,1,3,0,0,2,1,3,1,0,1,3,1,1,1,3,0,0,0,1,1,2,0,0,3,0,0,1,3
4,20,1,1,1,1,1,3,1,1,4,0,2,0,2,2,1,2,0,0,1,4,0,0,3,0,2,2,1,0,0,2,3,2,6,0,5,0,0,1,0,0,0,1,2,3,1,0,1,0,0,1,0,0,0,0,0,0,0,1,0,0,0,0,2,0,1,2,0,0,0,1,1,0,1,3,0,0,2,1,3,1,0,1,3,1,1,1,3,0,0,0,1,1,2,0,0,3,0,0,1,3
4,21,1,1,1,1,1,3,1,1,4,0,2,0,2,2,1,2,0,0,1,4,0,0,3,0,2,2,1,0,0,2,3,2,6,0,5,0,0,1,0,0,0,1,2,3,1,0,1,0,0,1,0,0,0,0,0,0,0,1,0,0,0,0,2,0,1,2,0,0,0,1,1,0,1,3,0,0,2,1,3,1,0,1,3,1,1,1,3,0,0,0,1,1,2,0,0,3,0,0,1,3
4,22,1,1,1,1,1,3,1,1,4,0,2,0,2,2,1,2,0,0,1,4,0,0,3,0,2,2,1,0,0,2,3,2,6,0,5,0,0,1,0,0,0,1,2,3,1,0,1,0,0,1,0,0,0,0,0,0,0,1,0,0,0,0,2,0,1,2,0,0,0,1,1,0,1,3,0,0,2,1,3,1,0,1,3,1,1,1,3,0,0,0,1,1,2,0,0,3,0,0,1,3
4,23,1,1,1,1,1,3,1,1,4,0,2,0,2,2,1,2,0,0,1,4,0,0,3,0,2,2,1,0,0,2,3,2,6,0,5,0,0,1,0,0,0,1,2,3,1,0,1,0,0,1,0,0,0,0,0,0,0,1,0,0,0,0,2,0,1,2,0,0,0,1,1,0,1,3,0,0,2,1,3,1,0,1,3,1,1,1,3,0,0,0,1,1,2,0,0,3,0,0,1,3
4,24,1,1,1,1,1,3,1,1,4,0,2,0,2,2,1,2,0,0,1,4,0,0,3,0,2,2,1,0,0,2,3,2,6,0,5,0,0,1,0,0,0,1,2,3,1,0,1,0,0,1,0,0,0,0,0,0,0,1,0,0,0,0,2,0,1,2,0,0,0,1,1,0,1,3,0,0,2,1,3,1,0,1,3,1,1,1,3,0,0,0,1,1,2,0,0,3,0,0,1,3
4,25,1,1,1,1,1,3,1,1,4,0,2,0,2,2,1,2,0,0,1,4,0,0,3,0,2,2,1,0,0,2,3,2,6,0,5,0,0,1,0,0,0,1,2,3,1,0,1,0,0,1,0,0,0,0,0,0,0,1,0,0,0,0,2,0,1,2,0,0,0,1,1,0,1,3,0,0,2,1,3,1,0,1,3,1,1,1,3,0,0,0,1,1,2,0,0,3,0,0,1,3
4,26,1,1,1,1,1,3,1,1,4,0,2,0,2,2,1,2,0,0,1,4,0,0,3,0,2,2,1,0,0,2,3,2,6,0,5,0,0,1,0,0,0,1,2,3,1,0,1,0,0,1,0,0,0,0,0,0,0,1,0,0,0,0,2,0,1,2,0,0,0,1,1,0,1,3,0,0,2,1,3,1,0,1,3,1,1,1,3,0,0,0,1,1,2,0,0,3,0,0,1,3
4,27,1,1,1,1,1,3,1,1,4,0,2,0,2,2,1,2,0,0,1,4,0,0,3,0,2,2,1,0,0,2,3,2,6,0,5,0,0,1,0,0,0,1,2,3,1,0,1,0,0,1,0,0,0,0,0,0,0,1,0,0,0,0,2,0,1,2,0,0,0,1,1,0,1,3,0,0,2,1,3,1,0,1,3,1,1,1,3,0,0,0,1,1,2,0,0,3,0,0,1,3
4,28,1,1,1,1,1,3,1,1,4,0,2,0,2,2,1,2,0,0,1,4,0,0,3,0,2,2,1,0,0,2,3,2,6,0,5,0,0,1,0,0,0,1,2,3,1,0,1,0,0,1,0,0,0,0,0,0,0,1,0,0,0,0,2,0,1,2,0,0,0,1,1,0,1,3,0,0,2,1,3,1,0,1,3,1,1,1,3,0,0,0,1,1,2,0,0,3,0,0,1,3
4,29,1,1,1,1,1,3,1,1,4,0,2,0,2,2,1,2,0,0,1,4,0,0,3,0,2,2,1,0,0,2,3,2,6,0,5,0,0,1,0,0,0,1,2,3,1,0,1,0,0,1,0,0,0,0,0,0,0,1,0,0,0,0,2,0,1,2,0,0,0,1,1,0,1,3,0,0,2,1,3,1,0,1,3,1,1,1,3,0,0,0,1,1,2,0,0,3,0,0,1,3
4,30,1,1,1,1,1,3,1,1,4,0,2,0,2,2,1,2,0,0,1,4,0,0,3,0,2,2,1,0,0,2,3,2,6,0,5,0,0,1,0,0,0,1,2,3,1,0,1,0,0,1,0,0,0,0,0,0,0,1,0,0,0,0,2,0,1,2,0,0,0,1,1,0,1,3,0,0,2,1,3,1,0,1,3,1,1,1,3,0,0,0,1,1,2,0,0,3,0,0,1,3
4,31,1,1,1,1,1,3,1,1,4,0,2,0,2,2,1,2,0,0,1,4,0,0,3,0,2,2,1,0,0,2,3,2,6,0,5,0,0,1,0,0,0,1,2,3,1,0,1,0,0,1,0,0,0,0,0,0,0,1,0,0,0,0,2,0,1,2,0,0,0,1,1,0,1,3,0,0,2,1,3,1,0,1,3,1,1,1,3,0,0,0,1,1,2,0,0,3,0,0,1,3
4,32,1,1,1,1,1,3,1,1,4,0,2,0,2,2,1,2,0,0,1,4,0,0,3,0,2,2,1,0,0,2,3,2,6,0,5,0,0,1,0,0,0,1,2,3,1,0,1,0,0,1,0,0,0,0,0,0,0,1,0,0,0,0,2,0,1,2,0,0,0,1,1,0,1,3,0,0,2,1,3,1,0,1,3,1,1,1,3,0,0,0,1,1,2,0,0,3,0,0,1,3
4,33,1,1,1,1,1,3,1,1,4,0,2,0,2,2,1,2,0,0,1,4,0,0,3,0,2,2,1,0,0,2,3,2,6,0,5,0,0,1,0,0,0,1,2,3,1,0,1,0,0,1,0,0,0,0,0,0,0,1,0,0,0,0,2,0,1,2,0,0,0,1,1,0,1,3,0,0,2,1,3,1,0,1,3,1,1,1,3,0,0,0,1,1,2,0,0,3,0,0,1,3
4,34,1,1,1,1,1,3,1,1,4,0,2,0,2,2,1,2,0,0,1,4,0,0,3,0,2,2,1,0,0,2,3,2,6,0,5,0,0,1,0,0,0,1,2,3,1,0,1,0,0,1,0,0,0,0,0,0,0,1,0,0,0,0,2,0,1,2,0,0,0,1,1,0,1,3,0,0,2,1,3,1,0,1,3,1,1,1,3,0,0,0,1,1,2,0,0,3,0,0,1,3
4,35,1,1,1,1,1,3,1,1,4,0,2,0,2,2,1,2,0,0,1,4,0,0,3,0,2,2,1,0,0,2,3,2,6,0,5,0,0,1,0,0,0,1,2,3,1,0,1,0,0,1,0,0,0,0,0,0,0,1,0,0,0,0,2,0,1,2,0,0,0,1,1,0,1,3,0,0,2,1,3,1,0,1,3,1,1,1,3,0,0,0,1,1,2,0,0,3,0,0,1,3
4,36,1,1,1,1,1,3,1,1,4,0,2,0,2,2,1,2,0,0,1,4,0,0,3,0,2,2,1,0,0,2,3,2,6,0,5,0,0,1,0,0,0,1,2,3,1,0,1,0,0,1,0,0,0,0,0,0,0,1,0,0,0,0,2,0,1,2,0,0,0,1,1,0,1,3,0,0,2,1,3,1,0,1,3,1,1,1,3,0,0,0,1,1,2,0,0,3,0,0,1,3
4,37,1,1,1,1,1,3,1,1,4,0,2,0,2,2,1,2,0,0,1,4,0,0,3,0,2,2,1,0,0,2,3,2,6,0,5,0,0,1,0,0,0,1,2,3,1,0,1,0,0,1,0,0,0,0,0,0,0,1,0,0,0,0,2,0,1,2,0,0,0,1,1,0,1,3,0,0,2,1,3,1,0,1,3,1,1,1,3,0,0,0,1,1,2,0,0,3,0,0,1,3
4,38,1,1,1,1,1,3,1,1,4,0,2,0,2,2,1,2,0,0,1,4,0,0,3,0,2,2,1,0,0,2,3,2,6,0,5,0,0,1,0,0,0,1,2,3,1,0,1,0,0,1,0,0,0,0,0,0,0,1,0,0,0,0,2,0,1,2,0,0,0,1,1,0,1,3,0,0,2,1,3,1,0,1,3,1,1,1,3,0,0,0,1,1,2,0,0,3,0,0,1,3
4,39,1,1,1,1,1,3,1,1,4,0,2,0,2,2,1,2,0,0,1,4,0,0,3,0,2,2,1,0,0,2,3,2,6,0,5,0,0,1,0,0,0,1,2,3,1,0,1,0,0,1,0,0,0,0,0,0,0,1,0,0,0,0,2,0,1,2,0,0,0,1,1,0,1,3,0,0,2,1,3,1,0,1,3,1,1,1,3,0,0,0,1,1,2,0,0,3,0,0,1,3
5,0,1,0,2,2,0,0,0,0,1,1,0,1,2,1,0,4,0,3,0,0,1,5,0,0,0,1,6,3,2,0,4,1,0,0,1,4,0,2,0,3,1,0,0,0,0,2,0,1,0,0,3,0,0,0,0,1,1,0,0,1,0,0,1,2,1,3,0,1,0,0,5,0,2,0,0,1,0,3,0,0,2,3,1,0,3,1,2,0,2,0,0,0,0,4,1,4,0,1,0,1
5,1,1,0,2,2,0,0,0,0,1,1,0,1,2,1,0,4,0,3,0,0,1,3,1,2,0,1,0,0,0,0,3,2,0,0,1,4,0,2,0,3,1,0,0,0,0,2,0,1,0,0,3,0,0,0,0,1,1,0,0,1,0,0,0,0,6,1,4,1,0,0,5,0,2,0,0,1,0,3,0,0,2,0,0,2,3,1,2,0,2,0,0,3,0,4,1,4,1,1,3,1
5,2,1,0,2,2,0,1,0,0,1,2,0,3,2,1,2,4,0,3,0,0,1,3,0,2,0,1,0,0,0,0,3,2,0,0,1,5,0,2,0,3,0,0,0,0,0,2,0,1,0,0,3,0,0,0,0,1,1,1,0,1,0,0,0,0,6,1,4,1,0,0,1,0,0,0,0,1,1,7,0,0,2,0,0,2,1,1,2,1,1,0,0,3,0,0,1,0,1,1,3,0
5,3,1,0,2,2,0,1,0,0,1,2,0,3,2,0,0,4,0,3,0,0,1,3,0,2,0,1,0,0,0,0,3,2,0,0,1,5,0,2,0,3,0,0,0,0,0,2,0,1,0,0,3,0,0,0,0,1,1,1,4,1,0,0,0,0,6,1,4,1,0,0,1,0,0,0,0,1,1,7,0,0,2,0,0,2,1,1,2,1,1,0,0,3,0,0,1,0,1,1,3,1
5,4,1,0,2,2,0,1,0,0,1,2,0,3,3,0,0,4,0,3,0,0,1,1,0,2,0,5,0,0,0,0,3,2,0,0,1,5,0,2,0,3,0,0,0,0,0,2,0,1,0,0,3,0,0,0,0,1,1,1,4,1,0,0,0,0,6,1,4,1,0,0,1,0,0,0,0,1,1,7,0,0,2,0,0,2,1,1,2,1,1,0,0,3,0,0,1,0,1,1,3,1
5,5,1,0,2,2,0,1,0,0,1,2,0,3,3,0,0,4,0,3,0,0,1,1,0,2,0,5,0,0,0,0,3,2,0,0,1,5,0,2,0,3,0,0,0,0,0,2,0,1,0,0,3,0,0,0,0,1,1,1,4,1,0,2,0,0,6,1,4,1,0,0,1,0,0,0,0,1,4,7,0,0,2,0,0,2,1,1,2,1,1,0,0,3,0,0,1,0,1,1,3,1
5,6,1,0,2,2,0,1,0,0,1,2,0,3,3,0,0,4,0,3,0,0,1,1,0,2,0,5,0,0,0,0,3,2,0,0,1,5,0,2,0,3,0,0,0,0,0,2,0,1,0,0,3,0,0,0,0,1,1,1,4,1,0,2,0,0,6,1,4,1,0,0,1,0,0,0,0,1,4,7,0,0,2,0,0,2,1,1,2,1,1,0,0,3,0,0,1,0,1,1,3,1
5,7,1,0,2,2,0,1,0,0,1,2,0,3,3,0,0,4,0,3,0,0,1,1,0,2,0,5,0,0,0,0,3,2,0,0,1,5,0,2,0,3,0,0,0,0,0,2,0,1,0,0,3,0,0,0,0,1,1,1,4,1,0,2,0,0,6,1,4,1,0,0,1,0,0,0,0,1,4,7,0,0,2,0,0,2,1,1,2,1,1,0,0,3,0,0,1,0,1,1,3,1
5,8,1,0,2,2,0,1,0,0,1,2,0,3,3,0,0,4,0,3,0,0,1,1,0,2,0,5,0,0,0,0,3,2,0,0,1,5,0,2,0,3,0,0,0,0,0,2,0,1,0,0,3,0,0,0,0,1,1,1,4,1,0,2,0,0,6,1,4,1,0,0,1,0,0,0,0,1,4,7,0,0,2,0,0,2,1,1,2,1,1,0,0,3,0,0,1,0,1,1,3,1
5,9,1,0,2,2,0,1,0,0,1,2,0,3,3,0,0,4,0,3,0,0,1,1,0,2,0,5,0,0,0,0,3,2,0,0,1,5,0,2,0,3,0,0,0,0,0,2,0,1,0,0,3,0,0,0,0,1,1,1,4,1,0,2,0,0,6,1,4,1,0,0,1,0,0,0,0,1,4,7,0,0,2,0,0,2,1,1,2,1,1,0,0,3,0,0,1,0,1,1,3,1
5,10,1,0,2,2,0,1,0,0,1,2,0,3,3,0,0,4,0,3,0,0,1,1,0,2,0,5,0,0,0,0,3,2,0,0,1,5,0,2,0,3,0,0,0,0,0,2,0,1,0,0,3,0,0,0,0,1,1,1,4,1,0,2,0,0,6,1,4,1,0,0,1,0,0,0,0,1,4,7,0,0,2,0,0,2,1,1,2,1,1,0,0,3,0,0,1,0,1,1,3,1
5,11,1,0,2,2,0,1,0,0,1,2,0,3,3,0,0,4,0,3,0,0,1,1,0,2,0,5,0,0,0,0,3,2,0,0,1,5,0,2,0,3,0,0,0,0,0,2,0,1,0,0,3,0,0,0,0,1,1,1,4,1,0,2,0,0,6,1,4,1,0,0,1,0,0,0,0,1,4,7,0,0,2,0,0,2,1,1,2,1,1,0,0,3,0,0,1,0,1,1,3,1
5,12,1,0,2,2,0,1,0,0,1,2,0,3,3,0,0,4,0,3,0,0,1,1,0,2,0,5,0,0,0,0,3,2,0,0,1,5,0,2,0,3,0,0,0,0,0,2,0,1,0,0,3,0,0,0,0,1,1,1,4,1,0,2,0,0,6,1,4,1,0,0,1,0,0,0,0,1,4,7,0,0,2,0,0,2,1,1,2,1,1,0,0,3,0,0,1,0,1,1,3,1
5,13,1,0,2,2,0,1,0,0,1,2,0,3,3,0,0,4,0,3,0,0,1,1,0,2,0,5,0,0,0,0,3,2,0,0,1,5,0,2,0,3,0,0,0,0,0,2,0,1,0,0,3,0,0,0,0,1,1,1,4,1,0,2,0,0,6,1,4,1,0,0,1,0,0,0,0,1,4,7,0,0,2,0,0,2,1,1,2,1,1,0,0,3,0,0,1,0,1,1,3,1
5,14,1,0,2,2,0,1,0,0,1,2,0,3,3,0,0,4,0,3,0,0,1,1,0,2,0,5,0,0,0,0,3,2,0,0,1,5,0,2,0,3,0,0,0,0,0,2,0,1,0,0,3,0,0,0,0,1,1,1,4,1,0,2,0,0,6,1,4,1,0,0,1,0,0,0,0,1,4,7,0,0,2,0,0,2,1,1,2,1,1,0,0,3,0,0,1,0,1,1,3,1
5,15,1,0,2,2,0,1,0,0,1,2,0,3,3,0,0,4,0,3,0,0,1,1,0,2,0,5,0,0,0,0,3,2,0,0,1,5,0,2,0,3,0,0,0,0,0,2,0,1,0,0,3,0,0,0,0,1,1,1,4,1,0,2,0,0,6,1,4,1,0,0,1,0,0,0,0,1,4,7,0,0,2,0,0,2,1,1,2,1,1,0,0,3,0,0,1,0,1,1,3,1
5,16,1,0,2,2,0,1,0,0,1,2,0,3,3,0,0,4,0,3,0,0,1,1,0,2,0,5,0,0,0,0,3,2,0,0,1,5,0,2,0,3,0,0,0,0,0,2,0,1,0,0,3,0,0,0,0,1,1,1,4,1,0,2,0,0,6,1,4,1,0,0,1,0,0,0,0,1,4,7,0,0,2,0,0,2,1,1,2,1,1,0,0,3,0,0,1,0,1,1,3,1
5,17,1,0,2,2,0,1,0,0,1,2,0,3,3,0,0,4,0,3,0,0,1,1,0,2,0,5,0,0,0,0,3,2,0,0,1,5,0,2,0,3,0,0,0,0,0,2,0,1,0,0,3,0,0,0,0,1,1,1,4,1,0,2,0,0,6,1,4,1,0,0,1,0,0,0,0,1,4,7,0,0,2,0,0,2,1,1,2,1,1,0,0,3,0,0,1,0,1,1,3,1
5,18,1,0,2,2,0,1,0,0,1,2,0,3,3,0,0,4,0,3,0,0,1,1,0,2,0,5,0,0,0,0,3,2,0,0,1,5,0,2,0,3,0,0,0,0,0,2,0,1,0,0,3,0,0,0,0,1,1,1,4,1,0,2,0,0,6,1,4,1,0,0,1,0,0,0,0,1,4,7,0,0,2,0,0,2,1,1,2,1,1,0,0,3,0,0,1,0,1,1,3,1
5,19,1,0,2,2,0,1,0,0,1,2,0,3,3,0,0,4,0,3,0,0,1,1,0,2,0,5,0,0,0,0,3,2,0,0,1,5,0,2,0,3,0,0,0,0,0,2,0,1,0,0,3,0,0,0,0,1,1,1,4,1,0,2,0,0,6,1,4,1,0,0,1,0,0,0,0,1,4,7,0,0,2,0,0,2,1,1,2,1,1,0,0,3,0,0,1,0,1,1,3,1
5,20,1,0,2,2,0,1,0,0,1,2,0,3,3,0,0,4,0,3,0,0,1,1,0,2,0,5,0,0,0,0,3,2,0,0,1,5,0,2,0,3,0,0,0,0,0,2,0,1,0,0,3,0,0,0,0,1,1,1,4,1,0,2,0,0,6,1,4,1,0,0,1,0,0,0,0,1,4,7,0,0,2,0,0,2,1,1,2,1,1,0,0,3,0,0,1,0,1,1,3,1
5,21,1,0,2,2,0,1,0,0,1,2,0,3,3,0,0,4,0,3,0,0,1,1,0,2,0,5,0,0,0,0,3,2,0,0,1,5,0,2,0,3,0,0,0,0,0,2,0,1,0,0,3,0,0,0,0,1,1,1,4,1,0,2,0,0,6,1,4,1,0,0,1,0,0,0,0,1,4,7,0,0,2,0,0,2,1,1,2,1,1,0,0,3,0,0,1,0,1,1,3,1
5,22,1,0,2,2,0,1,0,0,1,2,0,3,3,0,0,4,0,3,0,0,1,1,0,2,0,5,0,0,0,0,3,2,0,0,1,5,0,2,0,3,0,0,0,0,0,2,0,1,0,0,3,0,0,0,0,1,1,1,4,1,0,2,0,0,6,1,4,1,0,0,1,0,0,0,0,1,4,7,0,0,2,0,0,2,1,1,2,1,1,0,0,3,0,0,1,0,1,1,3,1
5,23,1,0,2,2,0,1,0,0,1,2,0,3,3,0,0,4,0,3,0,0,1,1,0,2,0,5,0,0,0,0,3,2,0,0,1,5,0,2,0,3,0,0,0,0,0,2,0,1,0,0,3,0,0,0,0,1,1,1,4,1,0,2,0,0,6,1,4,1,0,0,1,0,0,0,0,1,4,7,0,0,2,0,0,2,1,1,2,1,1,0,0,3,0,0,1,0,1,1,3,1
5,24,1,0,2,2,0,1,0,0,1,2,0,3,3,0,0,4,0,3,0,0,1,1,0,2,0,5,0,0,0,0,3,2,0,0,1,5,0,2,0,3,0,0,0,0,0,2,0,1,0,0,3,0,0,0,0,1,1,1,4,1,0,2,0,0,6,1,4,1,0,0,1,0,0,0,0,1,4,7,0,0,2,0,0,2,1,1,2,1,1,0,0,3,0,0,1,0,1,1,3,1
5,25,1,0,2,2,0,1,0,0,1,2,0,3,3,0,0,4,0,3,0,0,1,1,0,2,0,5,0,0,0,0,3,2,0,0,1,5,0,2,0,3,0,0,0,0,0,2,0,1,0,0,3,0,0,0,0,1,1,1,4,1,0,2,0,0,6,1,4,1,0,0,1,0,0,0,0,1,4,7,0,0,2,0,0,2,1,1,2,1,1,0,0,3,0,0,1,0,1,1,3,1
5,26,1,0,2,2,0,1,0,0,1,2,0,3,3,0,0,4,0,3,0,0,1,1,0,2,0,5,0,0,0,0,3,2,0,0,1,5,0,2,0,3,0,0,0,0,0,2,0,1,0,0,3,0,0,0,0,1,1,1,4,1,0,2,0,0,6,1,4,1,0,0,1,0,0,0,0,1,4,7,0,0,2,0,0,2,1,1,2,1,1,0,0,3,0,0,1,0,1,1,3,1
5,27,1,0,2,2,0,1,0,0,1,2,0,3,3,0,0,4,0,3,0,0,1,1,0,2,0,5,0,0,0,0,3,2,0,0,1,5,0,2,0,3,0,0,0,0,0,2,0,1,0,0,3,0,0,0,0,1,1,1,4,1,0,2,0,0,6,1,4,1,0,0,1,0,0,0,0,1,4,7,0,0,2,0,0,2,1,1,2,1,1,0,0,3,0,0,1,0,1,1,3,1
5,28,1,0,2,2,0,1,0,0,1,2,0,3,3,0,0,4,0,3,0,0,1,1,0,2,0,5,0,0,0,0,3,2,0,0,1,5,0,2,0,3,0,0,0,0,0,2,0,1,0,0,3,0,0,0,0,1,1,1,4,1,0,2,0,0,6,1,4,1,0,0,1,0,0,0,0,1,4,7,0,0,2,0,0,2,1,1,2,1,1,0,0,3,0,0,1,0,1,1,3,1
5,29,1,0,2,2,0,1,0,0,1,2,0,3,3,0,0,4,0,3,0,0,1,1,0,2,0,5,0,0,0,0,3,2,0,0,1,5,0,2,0,3,0,0,0,0,0,2,0,1,0,0,3,0,0,0,0,1,1,1,4,1,0,2,0,0,6,1,4,1,0,0,1,0,0,0,0,1,4,7,0,0,2,0,0,2,1,1,2,1,1,0,0,3,0,0,1,0,1,1,3,1
5,30,1,0,2,2,0,1,0,0,1,2,0,3,3,0,0,4,0,3,0,0,1,1,0,2,0,5,0,0,0,0,3,2,0,0,1,5,0,2,0,3,0,0,0,0,0,2,0,1,0,0,3,0,0,0,0,1,1,1,4,1,0,2,0,0,6,1,4,1,0,0,1,0,0,0,0,1,4,7,0,0,2,0,0,2,1,1,2,1,1,0,0,3,0,0,1,0,1,1,3,1
5,31,1,0,2,2,0,1,0,0,1,2,0,3,3,0,0,4,0,3,0,0,1,1,0,2,0,5,0,0,0,0,3,2,0,0,1,5,0,2,0,3,0,0,0,0,0,2,0,1,0,0,3,0,0,0,0,1,1,1,4,1,0,2,0,0,6,1,4,1,0,0,1,0,0,0,0,1,4,7,0,0,2,0,0,2,1,1,2,1,1,0,0,3,0,0,1,0,1,1,3,1
5,32,1,0,2,2,0,1,0,0,1,2,0,3,3,0,0,4,0,3,0,0,1,1,0,2,0,5,0,0,0,0,3,2,0,0,1,5,0,2,0,3,0,0,0,0,0,2,0,1,0,0,3,0,0,0,0,1,1,1,4,1,0,2,0,0,6,1,4,1,0,0,1,0,0,0,0,1,4,7,0,0,2,0,0,2,1,1,2,1,1,0,0,3,0,0,1,0,1,1,3,1
5,33,1,0,2,2,0,1,0,0,1,2,0,3,3,0,0,4,0,3,0,0,1,1,0,2,0,5,0,0,0,0,3,2,0,0,1,5,0,2,0,3,0,0,0,0,0,2,0,1,0,0,3,0,0,0,0,1,1,1,4,1,0,2,0,0,6,1,4,1,0,0,1,0,0,0,0,1,4,7,0,0,2,0,0,2,1,1,2,1,1,0,0,3,0,0,1,0,1,1,3,1
5,34,1,0,2,2,0,1,0,0,1,2,0,3,3,0,0,4,0,3,0,0,1,1,0,2,0,5,0,0,0,0,3,2,0,0,1,5,0,2,0,3,0,0,0,0,0,2,0,1,0,0,3,0,0,0,0,1,1,1,4,1,0,2,0,0,6,1,4,1,0,0,1,0,0,0,0,1,4,7,0,0,2,0,0,2,1,1,2,1,1,0,0,3,0,0,1,0,1,1,3,1
5,35,1,0,2,2,0,1,0,0,1,2,0,3,3,0,0,4,0,3,0,0,1,1,0,2,0,5,0,0,0,0,3,2,0,0,1,5,0,2,0,3,0,0,0,0,0,2,0,1,0,0,3,0,0,0,0,1,1,1,4,1,0,2,0,0,6,1,4,1,0,0,1,0,0,0,0,1,4,7,0,0,2,0,0,2,1,1,2,1,1,0,0,3,0,0,1,0,1,1,3,1
5,36,1,0,2,2,0,1,0,0,1,2,0,3,3,0,0,4,0,3,0,0,1,1,0,2,0,5,0,0,0,0,3,2,0,0,1,5,0,2,0,3,0,0,0,0,0,2,0,1,0,0,3,0,0,0,0,1,1,1,4,1,0,2,0,0,6,1,4,1,0,0,1,0,0,0,0,1,4,7,0,0,2,0,0,2,1,1,2,1,1,0,0,3,0,0,1,0,1,1,3,1
5,37,1,0,2,2,0,1,0,0,1,2,0,3,3,0,0,4,0,3,0,0,1,1,0,2,0,5,0,0,0,0,3,2,0,0,1,5,0,2,0,3,0,0,0,0,0,2,0,1,0,0,3,0,0,0,0,1,1,1,4,1,0,2,0,0,6,1,4,1,0,0,1,0,0,0,0,1,4,7,0,0,2,0,0,2,1,1,2,1,1,0,0,3,0,0,1,0,1,1,3,1
5,38,1,0,2,2,0,1,0,0,1,2,0,3,3,0,0,4,0,3,0,0,1,1,0,2,0,5,0,0,0,0,3,2,0,0,1,5,0,2,0,3,0,0,0,0,0,2,0,1,0,0,3,0,0,0,0,1,1,1,4,1,0,2,0,0,6,1,4,1,0,0,1,0,0,0,0,1,4,7,0,0,2,0,0,2,1,1,2,1,1,0,0,3,0,0,1,0,1,1,3,1
5,39,1,0,2,2,0,1,0,0,1,2,0,3,3,0,0,4,0,3,0,0,1,1,0,2,0,5,0,0,0,0,3,2,0,0,1,5,0,2,0,3,0,0,0,0,0,2,0,1,0,0,3,0,0,0,0,1,1,1,4,1,0,2,0,0,6,1,4,1,0,0,1,0,0,0,0,1,4,7,0,0,2,0,0,2,1,1,2,1,1,0,0,3,0,0,1,0,1,1,3,1
6,0,1,1,0,3,1,0,0,2,1,1,1,0,0,3,0,2,0,0,2,0,0,0,2,0,0,0,1,6,0,0,0,0,0,0,1,2,1,1,1,0,2,0,1,1,0,0,0,0,1,0,0,0,0,0,0,0,2,0,2,4,0,0,0,0,3,3,4,4,3,1,5,2,1,0,3,0,0,0,0,1,1,2,4,1,0,0,0,1,1,0,0,0,0,1,0,2,0,0,0,3
6,1,0,0,2,0,1,0,0,2,1,1,1,0,0,3,0,2,0,0,2,0,0,0,2,0,0,0,1,6,0,0,0,0,0,0,1,2,1,1,4,0,2,2,1,1,2,0,1,0,1,3,1,0,0,0,0,0,2,0,2,4,0,0,0,0,3,3,4,4,3,0,5,0,2,0,0,0,6,0,0,1,1,2,4,1,0,6,0,0,1,0,0,0,0,2,2,2,0,0,0,3
6,2,0,0,2,0,1,0,2,1,0,1,1,1,0,1,0,1,0,0,2,0,0,0,2,0,0,0,1,6,0,0,0,0,0,0,1,2,1,1,4,0,2,2,1,1,2,0,1,0,1,3,1,0,0,0,0,1,2,0,1,4,0,0,0,0,3,3,4,4,3,0,5,0,2,0,0,0,6,0,0,2,1,2,4,1,0,6,0,0,1,0,0,0,0,2,2,2,0,0,0,3
6,3,0,0,2,0,1,0,2,1,0,1,1,1,0,1,0,1,0,0,2,0,1,0,2,0,0,0,1,6,0,2,2,0,0,0,1,2,1,1,3,0,2,5,3,1,2,0,1,0,1,3,1,0,0,0,2,1,2,0,1,4,0,0,0,0,3,1,0,4,3,1,1,0,2,0,0,0,6,0,0,2,1,2,4,1,0,3,0,0,1,0,0,0,0,2,2,0,0,0,0,3
6,4,0,0,2,0,1,0,2,1,0,1,1,1,0,1,0,1,0,0,2,0,1,0,2,0,0,0,1,6,0,2,2,0,0,0,1,2,1,1,4,1,2,5,3,1,2,0,1,0,1,3,1,0,0,0,2,1,2,0,1,4,0,0,0,0,3,1,0,4,3,0,1,0,2,0,0,0,6,0,0,2,1,2,4,1,0,0,0,0,1,0,0,0,0,2,2,0,0,0,0,3
6,5,0,0,2,0,1,0,2,1,0,1,1,1,0,1,0,1,0,0,2,0,1,0,1,0,0,0,1,6,0,2,2,0,0,0,1,2,1,1,4,1,2,5,3,1,2,0,1,0,1,3,1,0,0,1,2,1,2,0,1,4,0,0,0,0,3,1,2,4,3,0,1,0,2,0,0,0,6,0,0,2,1,2,0,1,0,0,0,0,1,0,0,0,0,2,2,0,0,0,0,3
6,6,0,0,2,0,1,0,2,1,0,1,1,1,0,1,0,1,0,0,2,0,1,0,1,0,0,0,1,6,0,2,2,0,0,0,1,2,1,1,4,1,2,5,3,1,2,0,1,0,1,3,1,0,0,1,2,1,2,0,1,2,0,0,0,0,3,1,2,4,3,0,1,0,2,0,0,0,6,0,0,2,1,2,0,1,0,0,0,0,1,0,0,0,0,2,2,0,0,0,0,3
6,7,0,0,2,0,1,0,2,1,0,1,1,1,0,1,0,1,0,0,2,0,1,0,1,0,0,0,1,6,0,2,2,0,0,0,1,2,1,1,4,1,2,5,3,1,2,0,1,0,1,3,1,0,0,1,2,1,1,0,1,2,0,0,0,0,3,1,2,4,3,0,1,0,2,0,0,0,6,0,0,2,1,2,0,1,0,0,0,0,1,0,0,0,0,2,2,0,0,0,0,3
6,8,0,0,2,0,1,0,0,1,0,1,1,1,0,1,0,1,0,0,2,0,1,0,1,0,0,0,1,6,0,2,2,0,0,0,1,2,1,1,4,1,2,5,3,1,2,0,1,0,1,3,1,0,0,1,2,1,1,0,1,2,0,0,0,0,3,1,2,4,3,0,1,0,2,0,0,0,6,0,0,2,1,2,0,1,0,0,0,0,1,0,0,0,0,2,2,0,0,0,0,3
6,9,0,0,2,0,1,0,0,1,0,1,1,1,0,1,0,1,0,0,2,0,1,0,1,0,0,0,1,6,0,2,2,0,0,0,1,2,1,1,4,1,2,5,3,1,2,0,1,0,1,3,1,0,0,1,2,1,1,0,1,2,0,0,0,0,3,1,2,4,3,0,1,0,2,0,0,0,6,0,0,2,1,2,0,1,0,0,0,0,1,0,0,0,0,2,2,0,0,1,0,3
6,10,0,0,2,0,1,0,0,1,0,1,1,1,0,1,0,1,0,0,2,0,1,0,1,0,0,0,1,6,0,2,2,0,0,0,1,2,1,1,4,1,2,5,3,1,2,0,1,0,0,3,1,0,0,1,2,1,1,0,1,2,0,0,0,0,3,1,2,4,3,0,1,0,2,0,0,0,6,0,0,2,1,2,0,1,0,0,0,0,1,0,0,0,0,2,2,0,0,1,0,3
6,11,0,0,2,0,1,0,0,1,0,1,1,1,0,1,0,1,0,0,2,0,1,0,1,0,0,0,1,6,0,2,2,0,0,0,1,2,1,1,4,1,2,5,3,1,2,0,1,0,0,3,1,0,0,1,2,1,1,0,1,2,0,0,0,0,3,1,2,4,3,0,1,0,2,0,0,0,6,0,0,2,1,2,0,1,0,0,0,0,1,0,0,0,0,2,2,0,0,1,0,3
6,12,0,0,2,0,1,0,0,1,0,1,1,1,0,1,0,1,0,0,2,0,1,0,1,0,0,0,1,6,0,2,2,0,0,0,1,2,1,1,4,1,2,5,3,1,2,0,1,0,0,3,1,0,0,1,2,1,1,0,1,2,0,0,0,0,3,1,2,4,3,0,1,0,2,0,0,0,6,0,0,2,1,2,0,1,0,0,0,0,1,0,0,0,0,2,2,0,0,1,0,3
6,13,0,0,2,0,1,0,0,1,0,1,1,1,0,1,0,1,0,0,2,0,1,0,1,0,0,0,1,6,0,2,2,0,0,0,1,2,1,1,4,1,2,5,3,1,2,0,1,0,0,3,1,0,0,1,2,1,1,0,1,2,0,0,0,0,3,1,2,4,3,0,1,0,2,0,0,0,6,0,0,2,1,2,0,1,0,0,0,0,1,0,0,0,0,2,2,0,0,1,0,3
6,14,0,0,2,0,1,0,0,1,0,1,1,1,0,1,0,1,0,0,2,0,1,0,1,0,0,0,1,6,0,2,2,0,0,0,1,2,1,1,4,1,2,5,3,1,2,0,1,0,0,3,1,0,0,1,2,1,1,0,1,2,0,0,0,0,3,1,2,4,3,0,1,0,2,0,0,0,6,0,0,2,1,2,0,1,0,0,0,0,1,0,0,0,0,2,2,0,0,1,0,3
6,15,0,0,2,0,1,0,0,1,0,1,1,1,0,1,0,1,0,0,2,0,1,0,1,0,0,0,1,6,0,2,2,0,0,0,1,2,1,1,4,1,2,5,3,1,2,0,1,0,0,3,1,0,0,1,2,1,1,0,1,2,0,0,0,0,3,1,2,4,3,0,1,0,2,0,0,0,6,0,0,2,1,2,0,1,0,0,0,0,1,0,0,0,0,2,2,0,0,1,0,3
6,16,0,0,2,0,1,0,0,1,0,1,1,1,0,1,0,1,0,0,2,0,1,0,1,0,0,0,1,6,0,2,2,0,0,0,1,2,1,1,4,1,2,5,3,1,2,0,1,0,0,3,1,0,0,1,2,1,1,0,1,2,0,0,0,0,3,1,2,4,3,0,1,0,2,0,0,0,6,0,0,2,1,2,0,1,0,0,0,0,1,0,0,0,0,2,2,0,0,1,0,3
6,17,0,0,2,0,1,0,0,1,0,1,1,1,0,1,0,1,0,0,2,0,1,0,1,0,0,0,1,6,0,2,2,0,0,0,1,2,1,1,4,1,2,5,3,1,2,0,1,0,0,3,1,0,0,1,2,1,1,0,1,2,0,0,0,0,3,1,2,4,3,0,1,0,2,0,0,0,6,0,0,2,1,2,0,1,0,0,0,0,1,0,0,0,0,2,2,0,0,1,0,3
6,18,0,0,2,0,1,0,0,1,0,1,1,1,0,1,0,1,0,0,2,0,1,0,1,0,0,0,1,6,0,2,2,0,0,0,1,2,1,1,4,1,2,5,3,1,2,0,1,0,0,3,1,0,0,1,2,1,1,0,1,2,0,0,0,0,3,1,2,4,3,0,1,0,2,0,0,0,6,0,0,2,1,2,0,1,0,0,0,0,1,0,0,0,0,2,2,0,0,1,0,3
6,19,0,0,2,0,1,0,0,1,0,1,1,1,0,1,0,1,0,0,2,0,1,0,1,0,0,0,1,6,0,2,2,0,0,0,1,2,1,1,4,1,2,5,3,1,2,0,1,0,0,3,1,0,0,1,2,1,1,0,1,2,0,0,0,0,3,1,2,4,3,0,1,0,2,0,0,0,6,0,0,2,1,2,0,1,0,0,0,0,1,0,0,0,0,2,2,0,0,1,0,3
6,20,0,0,2,0,1,0,0,1,0,1,1,1,0,1,0,1,0,0,2,0,1,0,1,0,0,0,1,6,0,2,2,0,0,0,1,2,1,1,4,1,2,5,3,1,2,0,1,0,0,3,1,0,0,1,2,1,1,0,1,2,0,0,0,0,3,1,2,4,3,0,1,0,2,0,0,0,6,0,0,2,1,2,0,1,0,0,0,0,1,0,0,0,0,2,2,0,0,1,0,3
6,21,0,0,2,0,1,0,0,1,0,1,1,1,0,1,0,1,0,0,2,0,1,0,1,0,0,0,1,6,0,2,2,0,0,0,1,2,1,1,4,1,2,5,3,1,2,0,1,0,0,3,1,0,0,1,2,1,1,0,1,2,0,0,0,0,3,1,2,4,3,0,1,0,2,0,0,0,6,0,0,2,1,2,0,1,0,0,0,0,1,0,0,0,0,2,2,0,0,1,0,3
6,22,0,0,2,0,1,0,0,1,0,1,1,1,0,1,0,1,0,0,2,0,1,0,1,0,0,0,1,6,0,2,2,0,0,0,1,2,1,1,4,1,2,5,3,1,2,0,1,0,0,3,1,0,0,1,2,1,1,0,1,2,0,0,0,0,3,1,2,4,3,0,1,0,2,0,0,0,6,0,0,2,1,2,0,1,0,0,0,0,1,0,0,0,0,2,2,0,0,1,0,3
6,23,0,0,2,0,1,0,0,1,0,1,1,1,0,1,0,1,0,0,2,0,1,0,1,0,0,0,1,6,0,2,2,0,0,0,1,2,1,1,4,1,2,5,3,1,2,0,1,0,0,3,1,0,0,1,2,1,1,0,1,2,0,0,0,0,3,1,2,4,3,0,1,0,2,0,0,0,6,0,0,2,1,2,0,1,0,0,0,0,1,0,0,0,0,2,2,0,0,1,0,3
6,24,0,0,2,0,1,0,0,1,0,1,1,1,0,1,0,1,0,0,2,0,1,0,1,0,0,0,1,6,0,2,2,0,0,0,1,2,1,1,4,1,2,5,3,1,2,0,1,0,0,3,1,0,0,1,2,1,1,0,1,2,0,0,0,0,3,1,2,4,3,0,1,0,2,0,0,0,6,0,0,2,1,2,0,1,0,0,0,0,1,0,0,0,0,2,2,0,0,1,0,3
6,25,0,0,2,0,1,0,0,1,0,1,1,1,0,1,0,1,0,0,2,0,1,0,1,0,0,0,1,6,0,2,2,0,0,0,1,2,1,1,4,1,2,5,3,1,2,0,1,0,0,3,1,0,0,1,2,1,1,0,1,2,0,0,0,0,3,1,2,4,3,0,1,0,2,0,0,0,6,0,0,2,1,2,0,1,0,0,0,0,1,0,0,0,0,2,2,0,0,1,0,3
6,26,0,0,2,0,1,0,0,1,0,1,1,1,0,1,0,1,0,0,2,0,1,0,1,0,0,0,1,6,0,2,2,0,0,0,1,2,1,1,4,1,2,5,3,1,2,0,1,0,0,3,1,0,0,1,2,1,1,0,1,2,0,0,0,0,3,1,2,4,3,0,1,0,2,0,0,0,6,0,0,2,1,2,0,1,0,0,0,0,1,0,0,0,0,2,2,0,0,1,0,3
6,27,0,0,2,0,1,0,0,1,0,1,1,1,0,1,0,1,0,0,2,0,1,0,1,0,0,0,1,6,0,2,2,0,0,0,1,2,1,1,4,1,2,5,3,1,2,0,1,0,0,3,1,0,0,1,2,1,1,0,1,2,0,0,0,0,3,1,2,4,3,0,1,0,2,0,0,0,6,0,0,2,1,2,0,1,0,0,0,0,1,0,0,0,0,2,2,0,0,1,0,3
6,28,0,0,2,0,1,0,0,1,0,1,1,1,0,1,0,1,0,0,2,0,1,0,1,0,0,0,1,6,0,2,2,0,0,0,1,2,1,1,4,1,2,5,3,1,2,0,1,0,0,3,1,0,0,1,2,1,1,0,1,2,0,0,0,0,3,1,2,4,3,0,1,0,2,0,0,0,6,0,0,2,1,2,0,1,0,0,0,0,1,0,0,0,0,2,2,0,0,1,0,3
6,29,0,0,2,0,1,0,0,1,0,1,1,1,0,1,0,1,0,0,2,0,1,0,1,0,0,0,1,6,0,2,2,0,0,0,1,2,1,1,4,1,2,5,3,1,2,0,1,0,0,3,1,0,0,1,2,1,1,0,1,2,0,0,0,0,3,1,2,4,3,0,1,0,2,0,0,0,6,0,0,2,1,2,0,1,0,0,0,0,1,0,0,0,0,2,2,0,0,1,0,3
6,30,0,0,2,0,1,0,0,1,0,1,1,1,0,1,0,1,0,0,2,0,1,0,1,0,0,0,1,6,0,2,2,0,0,0,1,2,1,1,4,1,2,5,3,1,2,0,1,0,0,3,1,0,0,1,2,1,1,0,1,2,0,0,0,0,3,1,2,4,3,0,1,0,2,0,0,0,6,0,0,2,1,2,0,1,0,0,0,0,1,0,0,0,0,2,2,0,0,1,0,3
6,31,0,0,2,0,1,0,0,1,0,1,1,1,0,1,0,1,0,0,2,0,1,0,1,0,0,0,1,6,0,2,2,0,0,0,1,2,1,1,4,1,2,5,3,1,2,0,1,0,0,3,1,0,0,1,2,1,1,0,1,2,0,0,0,0,3,1,2,4,3,0,1,0,2,0,0,0,6,0,0,2,1,2,0,1,0,0,0,0,1,0,0,0,0,2,2,0,0,1,0,3
6,32,0,0,2,0,1,0,0,1,0,1,1,1,0,1,0,1,0,0,2,0,1,0,1,0,0,0,1,6,0,2,2,0,0,0,1,2,1,1,4,1,2,5,3,1,2,0,1,0,0,3,1,0,0,1,2,1,1,0,1,2,0,0,0,0,3,1,2,4,3,0,1,0,2,0,0,0,6,0,0,2,1,2,0,1,0,0,0,0,1,0,0,0,0,2,2,0,0,1,0,3
6,33,0,0,2,0,1,0,0,1,0,1,1,1,0,1,0,1,0,0,2,0,1,0,1,0,0,0,1,6,0,2,2,0,0,0,1,2,1,1,4,1,2,5,3,1,2,0,1,0,0,3,1,0,0,1,2,1,1,0,1,2,0,0,0,0,3,1,2,4,3,0,1,0,2,0,0,0,6,0,0,2,1,2,0,1,0,0,0,0,1,0,0,0,0,2,2,0,0,1,0,3
6,34,0,0,2,0,1,0,0,1,0,1,1,1,0,1,0,1,0,0,2,0,1,0,1,0,0,0,1,6,0,2,2,0,0,0,1,2,1,1,4,1,2,5,3,1,2,0,1,0,0,3,1,0,0,1,2,1,1,0,1,2,0,0,0,0,3,1,2,4,3,0,1,0,2,0,0,0,6,0,0,2,1,2,0,1,0,0,0,0,1,0,0,0,0,2,2,0,0,1,0,3
6,35,0,0,2,0,1,0,0,1,0,1,1,1,0,1,0,1,0,0,2,0,1,0,1,0,0,0,1,6,0,2,2,0,0,0,1,2,1,1,4,1,2,5,3,1,2,0,1,0,0,3,1,0,0,1,2,1,1,0,1,2,0,0,0,0,3,1,2,4,3,0,1,0,2,0,0,0,6,0,0,2,1,2,0,1,0,0,0,0,1,0,0,0,0,2,2,0,0,1,0,3
6,36,0,0,2,0,1,0,0,1,0,1,1,1,0,1,0,1,0,0,2,0,1,0,1,0,0,0,1,6,0,2,2,0,0,0,1,2,1,1,4,1,2,5,3,1,2,0,1,0,0,3,1,0,0,1,2,1,1,0,1,2,0,0,0,0,3,1,2,4,3,0,1,0,2,0,0,0,6,0,0,2,1,2,0,1,0,0,0,0,1,0,0,0,0,2,2,0,0,1,0,3
6,37,0,0,2,0,1,0,0,1,0,1,1,1,0,1,0,1,0,0,2,0,1,0,1,0,0,0,1,6,0,2,2,0,0,0,1,2,1,1,4,1,2,5,3,1,2,0,1,0,0,3,1,0,0,1,2,1,1,0,1,2,0,0,0,0,3,1,2,4,3,0,1,0,2,0,0,0,6,0,0,2,1,2,0,1,0,0,0,0,1,0,0,0,0,2,2,0,0,1,0,3
6,38,0,0,2,0,1,0,0,1,0,1,1,1,0,1,0,1,0,0,2,0,1,0,1,0,0,0,1,6,0,2,2,0,0,0,1,2,1,1,4,1,2,5,3,1,2,0,1,0,0,3,1,0,0,1,2,1,1,0,1,2,0,0,0,0,3,1,2,4,3,0,1,0,2,0,0,0,6,0,0,2,1,2,0,1,0,0,0,0,1,0,0,0,0,2,2,0,0,1,0,3
6,39,0,0,2,0,1,0,0,1,0,1,1,1,0,1,0,1,0,0,2,0,1,0,1,0,0,0,1,6,0,2,2,0,0,0,1,2,1,1,4,1,2,5,3,1,2,0,1,0,0,3,1,0,0,1,2,1,1,0,1,2,0,0,0,0,3,1,2,4,3,0,1,0,2,0,0,0,6,0,0,2,1,2,0,1,0,0,0,0,1,0,0,0,0,2,2,0,0,1,0,3
7,0,0,4,3,0,2,3,2,0,6,0,2,0,2,0,0,2,1,3,4,0,1,0,1,0,3,0,1,0,1,0,2,2,2,3,1,1,1,1,1,0,2,1,0,0,1,0,5,2,0,1,3,0,2,1,0,0,0,0,0,0,0,1,0,0,1,1,4,1,1,2,1,1,3,0,2,1,0,1,1,2,1,1,0,0,5,0,0,0,1,1,2,3,0,2,1,0,3,2,0,0
7,1,0,2,0,0,0,3,2,0,6,0,2,0,2,0,0,2,1,3,4,0,1,0,1,0,3,0,1,0,1,0,2,2,2,3,1,1,1,4,0,0,1,1,0,0,1,4,1,1,5,1,3,0,2,1,0,0,0,0,0,0,0,1,0,0,1,1,4,1,1,0,0,1,3,3,3,1,0,1,1,2,1,1,0,0,5,0,1,0,0,1,2,3,0,2,1,0,3,3,0,0
7,2,0,2,0,0,0,3,2,0,6,0,2,0,2,0,0,2,1,3,4,0,1,0,1,0,3,0,1,0,1,0,2,4,2,3,2,2,4,4,0,0,1,1,0,0,1,4,1,1,5,1,3,0,2,1,0,0,0,0,0,0,0,1,0,0,1,1,0,1,1,0,0,1,3,3,2,1,0,2,1,2,3,1,0,0,2,0,1,0,0,1,2,3,0,2,0,4,2,3,0,0
7,3,0,2,0,0,0,3,2,0,6,0,2,0,2,0,0,2,1,3,4,0,1,0,1,0,3,0,1,0,1,0,2,4,2,3,2,2,4,4,0,0,1,1,0,0,1,4,1,1,5,1,3,0,2,1,0,0,0,0,0,1,0,1,0,0,1,1,0,1,1,0,0,1,3,3,2,1,0,1,1,2,3,1,0,0,2,0,1,0,0,1,0,3,0,2,0,0,2,3,0,0
7,4,0,2,0,0,0,3,2,0,6,0,2,0,5,0,0,2,1,3,4,0,2,0,1,0,3,0,1,0,1,0,2,4,2,3,2,2,4,4,0,0,1,1,0,0,1,4,1,1,5,1,3,0,2,1,0,0,0,0,0,1,0,1,0,0,1,1,0,1,1,0,0,1,3,3,2,1,0,1,1,2,3,1,0,0,2,0,1,0,0,1,0,3,0,2,0,0,2,2,0,0
7,5,0,2,0,0,0,3,2,0,6,0,2,0,5,0,0,0,1,3,4,0,1,0,1,0,3,0,1,0,1,0,2,4,2,3,2,2,4,4,0,0,1,1,0,0,1,4,1,1,5,1,3,0,2,1,0,0,0,0,0,1,0,1,0,0,1,4,0,1,1,0,0,1,3,3,2,1,0,1,1,2,3,1,0,0,2,0,1,0,0,1,0,3,0,2,0,0,1,2,0,0
7,6,0,2,0,0,0,3,2,0,6,0,2,0,5,0,0,0,1,3,4,0,1,0,1,0,3,0,1,0,1,0,2,4,2,3,2,2,4,4,0,0,1,1,0,0,1,4,1,1,5,1,3,0,2,1,0,0,0,0,0,1,0,1,0,0,1,4,0,1,1,0,0,1,3,3,2,1,0,1,1,2,3,1,0,0,2,0,1,0,0,1,0,3,0,2,0,0,1,2,0,0
7,7,0,2,0,0,0,3,2,0,6,0,2,0,5,0,0,0,1,3,4,0,1,0,1,0,3,0,1,0,1,0,2,4,2,3,2,2,4,4,0,0,1,1,0,0,1,4,1,1,5,1,3,0,2,1,0,0,0,0,0,1,0,1,0,0,1,4,0,1,1,0,0,1,3,3,2,1,0,1,1,2,3,1,0,0,2,0,1,0,0,1,0,3,0,2,0,0,1,2,0,0
7,8,0,2,0,0,0,3,2,0,6,0,2,0,5,0,0,0,1,3,4,0,1,0,1,0,3,0,1,0,1,0,2,4,2,3,2,2,4,4,0,0,1,1,0,0,1,4,1,1,5,1,3,0,2,1,0,0,0,0,0,1,0,1,0,0,1,4,0,1,1,0,0,1,3,3,2,1,0,1,1,2,3,1,0,0,2,0,1,0,0,1,0,3,0,2,0,0,1,2,0,0
7,9,0,2,0,0,0,3,2,0,6,0,2,0,5,0,0,0,1,3,4,0,1,0,1,0,3,0,1,0,1,0,2,4,2,3,2,2,4,4,0,0,1,1,0,0,1,4,1,1,5,1,3,0,2,1,0,0,0,0,0,1,0,1,0,0,1,4,0,1,1,0,0,1,3,3,2,1,0,1,1,2,3,1,0,0,2,0,1,0,0,1,0,3,0,2,0,0,1,2,0,0
7,10,0,2,0,0,0,3,2,0,6,0,2,0,5,0,0,0,1,3,4,0,1,0,1,0,3,0,1,0,1,0,2,4,2,3,2,2,4,4,0,0,1,1,0,0,1,4,1,1,5,1,3,0,2,1,0,0,0,0,0,1,0,1,0,0,1,4,0,1,1,0,0,1,3,3,2,1,0,1,1,2,3,1,0,0,2,0,1,0,0,1,0,3,0,2,0,0,1,2,0,0
7,11,0,2,0,0,0,3,2,0,6,0,2,0,5,0,0,0,1,3,4,0,1,0,1,0,3,0,1,0,1,0,2,4,2,3,2,2,4,4,0,0,1,1,0,0,1,4,1,1,5,1,3,0,2,1,0,0,0,0,0,1,0,1,0,0,1,4,0,1,1,0,0,1,3,3,2,1,0,1,1,2,3,1,0,0,2,0,1,0,0,1,0,3,0,2,0,0,1,2,0,0
7,12,0,2,0,0,0,3,2,0,6,0,2,0,5,0,0,0,1,3,4,0,1,0,1,0,3,0,1,0,1,0,2,4,2,3,2,2,4,4,0,0,1,1,0,0,1,4,1,1,5,1,3,0,2,1,0,0,0,0,0,1,0,1,0,0,1,4,0,1,1,0,0,1,3,3,2,1,0,1,1,2,3,1,0,0,2,0,1,0,0,1,0,3,0,2,0,0,1,2,0,0
7,13,0,2,0,0,0,3,2,0,6,0,2,0,5,0,0,0,1,3,4,0,1,0,1,0,3,0,1,0,1,0,2,4,2,3,2,2,4,4,0,0,1,1,0,0,1,4,1,1,5,1,3,0,2,1,0,0,0,0,0,1,0,1,0,0,1,4,0,1,1,0,0,1,3,3,2,1,0,1,1,2,3,1,0,0,2,0,1,0,0,1,0,3,0,2,0,0,1,2,0,0
7,14,0,2,0,0,0,3,2,0,6,0,2,0,5,0,0,0,1,3,4,0,1,0,1,0,3,0,1,0,1,0,2,4,2,3,2,2,4,4,0,0,1,1,0,0,1,4,1,1,5,1,3,0,2,1,0,0,0,0,0,1,0,1,0,0,1,4,0,1,1,0,0,1,3,3,2,1,0,1,1,2,3,1,0,0,2,0,1,0,0,1,0,3,0,2,0,0,1,2,0,0
7,15,0,2,0,0,0,3,2,0,6,0,2,0,5,0,0,0,1,3,4,0,1,0,1,0,3,0,1,0,1,0,2,4,2,3,2,2,4,4,0,0,1,1,0,0,1,4,1,1,5,1,3,0,2,1,0,0,0,0,0,1,0,1,0,0,1,4,0,1,1,0,0,1,3,3,2,1,0,1,1,2,3,1,0,0,2,0,1,0,0,1,0,3,0,2,0,0,1,2,0,0
7,16,0,2,0,0,0,3,2,0,6,0,2,0,5,0,0,0,1,3,4,0,1,0,1,0,3,0,1,0,1,0,2,4,2,3,2,2,4,4,0,0,1,1,0,0,1,4,1,1,5,1,3,0,2,1,0,0,0,0,0,1,0,1,0,0,1,4,0,1,1,0,0,1,3,3,2,1,0,1,1,2,3,1,0,0,2,0,1,0,0,1,0,3,0,2,0,0,1,2,0,0
7,17,0,2,0,0,0,3,2,0,6,0,2,0,5,0,0,0,1,3,4,0,1,0,1,0,3,0,1,0,1,0,2,4,2,3,2,2,4,4,0,0,1,1,0,0,1,4,1,1,5,1,3,0,2,1,0,0,0,0,0,1,0,1,0,0,1,4,0,1,1,0,0,1,3,3,2,1,0,1,1,2,3,1,0,0,2,0,1,0,0,1,0,3,0,2,0,0,1,2,0,0
7,18,0,2,0,0,0,3,2,0,6,0,2,0,5,0,0,0,1,3,4,0,1,0,1,0,3,0,1,0,1,0,2,4,2,3,2,2,4,4,0,0,1,1,0,0,1,4,1,1,5,1,3,0,2,1,0,0,0,0,0,1,0,1,0,0,1,4,0,1,1,0,0,1,3,3,2,1,0,1,1,2,3,1,0,0,2,0,1,0,0,1,0,3,0,2,0,0,1,2,0,0
7,19,0,2,0,0,0,3,2,0,6,0,2,0,5,0,0,0,1,3,4,0,1,0,1,0,3,0,1,0,1,0,2,4,2,3,2,2,4,4,0,0,1,1,0,0,1,4,1,1,5,1,3,0,2,1,0,0,0,0,0,1,0,1,0,0,1,4,0,1,1,0,0,1,3,3,2,1,0,1,1,2,3,1,0,0,2,0,1,0,0,1,0,3,0,2,0,0,1,2,0,0
7,20,0,2,0,0,0,3,2,0,6,0,2,0,5,0,0,0,1,3,4,0,1,0,1,0,3,0,1,0,1,0,2,4,2,3,2,2,4,4,0,0,1,1,0,0,1,4,1,1,5,1,3,0,2,1,0,0,0,0,0,1,0,1,0,0,1,4,0,1,1,0,0,1,3,3,2,1,0,1,1,2,3,1,0,0,2,0,1,0,0,1,0,3,0,2,0,0,1,2,0,0
7,21,0,2,0,0,0,3,2,0,6,0,2,0,5,0,0,0,1,3,4,0,1,0,1,0,3,0,1,0,1,0,2,4,2,3,2,2,4,4,0,0,1,1,0,0,1,4,1,1,5,1,3,0,2,1,0,0,0,0,0,1,0,1,0,0,1,4,0,1,1,0,0,1,3,3,2,1,0,1,1,2,3,1,0,0,2,0,1,0,0,1,0,3,0,2,0,0,1,2,0,0
7,22,0,2,0,0,0,3,2,0,6,0,2,0,5,0,0,0,1,3,4,0,1,0,1,0,3,0,1,0,1,0,2,4,2,3,2,2,4,4,0,0,1,1,0,0,1,4,1,1,5,1,3,0,2,1,0,0,0,0,0,1,0,1,0,0,1,4,0,1,1,0,0,1,3,3,2,1,0,1,1,2,3,1,0,0,2,0,1,0,0,1,0,3,0,2,0,0,1,2,0,0
7,23,0,2,0,0,0,3,2,0,6,0,2,0,5,0,0,0,1,3,4,0,1,0,1,0,3,0,1,0,1,0,2,4,2,3,2,2,4,4,0,0,1,1,0,0,1,4,1,1,5,1,3,0,2,1,0,0,0,0,0,1,0,1,0,0,1,4,0,1,1,0,0,1,3,3,2,1,0,1,1,2,3,1,0,0,2,0,1,0,0,1,0,3,0,2,0,0,1,2,0,0
7,24,0,2,0,0,0,3,2,0,6,0,2,0,5,0,0,0,1,3,4,0,1,0,1,0,3,0,1,0,1,0,2,4,2,3,2,2,4,4,0,0,1,1,0,0,1,4,1,1,5,1,3,0,2,1,0,0,0,0,0,1,0,1,0,0,1,4,0,1,1,0,0,1,3,3,2,1,0,1,1,2,3,1,0,0,2,0,1,0,0,1,0,3,0,2,0,0,1,2,0,0
7,25,0,2,0,0,0,3,2,0,6,0,2,0,5,0,0,0,1,3,4,0,1,0,1,0,3,0,1,0,1,0,2,4,2,3,2,2,4,4,0,0,1,1,0,0,1,4,1,1,5,1,3,0,2,1,0,0,0,0,0,1,0,1,0,0,1,4,0,1,1,0,0,1,3,3,2,1,0,1,1,2,3,1,0,0,2,0,1,0,0,1,0,3,0,2,0,0,1,2,0,0
7,26,0,2,0,0,0,3,2,0,6,0,2,0,5,0,0,0,1,3,4,0,1,0,1,0,3,0,1,0,1,0,2,4,2,3,2,2,4,4,0,0,1,1,0,0,1,4,1,1,5,1,3,0,2,1,0,0,0,0,0,1,0,1,0,0,1,4,0,1,1,0,0,1,3,3,2,1,0,1,1,2,3,1,0,0,2,0,1,0,0,1,0,3,0,2,0,0,1,2,0,0
7,27,0,2,0,0,0,3,2,0,6,0,2,0,5,0,0,0,1,3,4,0,1,0,1,0,3,0,1,0,1,0,2,4,2,3,2,2,4,4,0,0,1,1,0,0,1,4,1,1,5,1,3,0,2,1,0,0,0,0,0,1,0,1,0,0,1,4,0,1,1,0,0,1,3,3,2,1,0,1,1,2,3,1,0,0,2,0,1,0,0,1,0,3,0,2,0,0,1,2,0,0
7,28,0,2,0,0,0,3,2,0,6,0,2,0,5,0,0,0,1,3,4,0,1,0,1,0,3,0,1,0,1,0,2,4,2,3,2,2,4,4,0,0,1,1,0,0,1,4,1,1,5,1,3,0,2,1,0,0,0,0,0,1,0,1,0,0,1,4,0,1,1,0,0,1,3,3,2,1,0,1,1,2,3,1,0,0,2,0,1,0,0,1,0,3,0,2,0,0,1,2,0,0
7,29,0,2,0,0,0,3,2,0,6,0,2,0,5,0,0,0,1,3,4,0,1,0,1,0,3,0,1,0,1,0,2,4,2,3,2,2,4,4,0,0,1,1,0,0,1,4,1,1,5,1,3,0,2,1,0,0,0,0,0,1,0,1,0,0,1,4,0,1,1,0,0,1,3,3,2,1,0,1,1,2,3,1,0,0,2,0,1,0,0,1,0,3,0,2,0,0,1,2,0,0
7,30,0,2,0,0,0,3,2,0,6,0,2,0,5,0,0,0,1,3,4,0,1,0,1,0,3,0,1,0,1,0,2,4,2,3,2,2,4,4,0,0,1,1,0,0,1,4,1,1,5,1,3,0,2,1,0,0,0,0,0,1,0,1,0,0,1,4,0,1,1,0,0,1,3,3,2,1,0,1,1,2,3,1,0,0,2,0,1,0,0,1,0,3,0,2,0,0,1,2,0,0
7,31,0,2,0,0,0,3,2,0,6,0,2,0,5,0,0,0,1,3,4,0,1,0,1,0,3,0,1,0,1,0,2,4,2,3,2,2,4,4,0,0,1,1,0,0,1,4,1,1,5,1,3,0,2,1,0,0,0,0,0,1,0,1,0,0,1,4,0,1,1,0,0,1,3,3,2,1,0,1,1,2,3,1,0,0,2,0,1,0,0,1,0,3,0,2,0,0,1,2,0,0
7,32,0,2,0,0,0,3,2,0,6,0,2,0,5,0,0,0,1,3,4,0,1,0,1,0,3,0,1,0,1,0,2,4,2,3,2,2,4,4,0,0,1,1,0,0,1,4,1,1,5,1,3,0,2,1,0,0,0,0,0,1,0,1,0,0,1,4,0,1,1,0,0,1,3,3,2,1,0,1,1,2,3,1,0,0,2,0,1,0,0,1,0,3,0,2,0,0,1,2,0,0
7,33,0,2,0,0,0,3,2,0,6,0,2,0,5,0,0,0,1,3,4,0,1,0,1,0,3,0,1,0,1,0,2,4,2,3,2,2,4,4,0,0,1,1,0,0,1,4,1,1,5,1,3,0,2,1,0,0,0,0,0,1,0,1,0,0,1,4,0,1,1,0,0,1,3,3,2,1,0,1,1,2,3,1,0,0,2,0,1,0,0,1,0,3,0,2,0,0,1,2,0,0
7,34,0,2,0,0,0,3,2,0,6,0,2,0,5,0,0,0,1,3,4,0,1,0,1,0,3,0,1,0,1,0,2,4,2,3,2,2,4,4,0,0,1,1,0,0,1,4,1,1,5,1,3,0,2,1,0,0,0,0,0,1,0,1,0,0,1,4,0,1,1,0,0,1,3,3,2,1,0,1,1,2,3,1,0,0,2,0,1,0,0,1,0,3,0,2,0,0,1,2,0,0
7,35,0,2,0,0,0,3,2,0,6,0,2,0,5,0,0,0,1,3,4,0,1,0,1,0,3,0,1,0,1,0,2,4,2,3,2,2,4,4,0,0,1,1,0,0,1,4,1,1,5,1,3,0,2,1,0,0,0,0,0,1,0,1,0,0,1,4,0,1,1,0,0,1,3,3,2,1,0,1,1,2,3,1,0,0,2,0,1,0,0,1,0,3,0,2,0,0,1,2,0,0
7,36,0,2,0,0,0,3,2,0,6,0,2,0,5,0,0,0,1,3,4,0,1,0,1,0,3,0,1,0,1,0,2,4,2,3,2,2,4,4,0,0,1,1,0,0,1,4,1,1,5,1,3,0,2,1,0,0,0,0,0,1,0,1,0,0,1,4,0,1,1,0,0,1,3,3,2,1,0,1,1,2,3,1,0,0,2,0,1,0,0,1,0,3,0,2,0,0,1,2,0,0
7,37,0,2,0,0,0,3,2,0,6,0,2,0,5,0,0,0,1,3,4,0,1,0,1,0,3,0,1,0,1,0,2,4,2,3,2,2,4,4,0,0,1,1,0,0,1,4,1,1,5,1,3,0,2,1,0,0,0,0,0,1,0,1,0,0,1,4,0,1,1,0,0,1,3,3,2,1,0,1,1,2,3,1,0,0,2,0,1,0,0,1,0,3,0,2,0,0,1,2,0,0
7,38,0,2,0,0,0,3,2,0,6,0,2,0,5,0,0,0,1,3,4,0,1,0,1,0,3,0,1,0,1,0,2,4,2,3,2,2,4,4,0,0,1,1,0,0,1,4,1,1,5,1,3,0,2,1,0,0,0,0,0,1,0,1,0,0,1,4,0,1,1,0,0,1,3,3,2,1,0,1,1,2,3,1,0,0,2,0,1,0,0,1,0,3,0,2,0,0,1,2,0,0
7,39,0,2,0,0,0,3,2,0,6,0,2,0,5,0,0,0,1,3,4,0,1,0,1,0,3,0,1,0,1,0,2,4,2,3,2,2,4,4,0,0,1,1,0,0,1,4,1,1,5,1,3,0,2,1,0,0,0,0,0,1,0,1,0,0,1,4,0,1,1,0,0,1,3,3,2,1,0,1,1,2,3,1,0,0,2,0,1,0,0,1,0,3,0,2,0,0,1,2,0,0
8,0,4,1,2,3,3,1,2,0,0,2,0,0,0,0,1,0,1,1,3,3,2,0,1,0,0,2,0,1,3,1,1,3,0,0,0,2,0,4,0,1,0,2,2,1,2,2,1,0,0,0,2,0,2,2,2,1,0,2,5,0,2,0,2,1,0,2,0,1,2,2,0,3,2,0,2,1,0,1,0,0,2,0,2,1,0,1,1,0,3,0,1,3,6,0,0,0,4,3,6,3
8,1,4,1,2,3,3,0,2,1,0,2,0,0,1,0,1,0,5,0,0,0,4,0,1,0,0,2,0,1,3,1,1,3,0,0,0,2,0,4,0,1,0,2,2,1,2,2,1,0,0,0,2,0,2,1,0,1,0,2,2,4,0,0,2,1,0,2,0,1,2,2,0,3,2,0,2,1,0,0,0,0,1,0,2,1,0,1,1,0,3,3,0,3,6,0,0,2,4,3,1,3
8,2,4,1,2,3,3,0,2,1,0,2,0,0,1,1,2,0,5,0,0,0,4,3,1,0,0,1,0,1,3,1,1,3,0,0,0,1,0,4,0,1,0,2,2,1,2,2,1,0,0,0,2,0,2,1,0,1,0,2,2,4,2,0,2,2,1,2,0,0,4,2,0,3,2,0,2,1,0,0,1,0,1,0,0,1,0,1,1,0,3,3,0,3,2,0,0,2,4,3,1,3
8,3,4,1,2,3,3,0,2,1,0,2,0,0,1,0,2,0,5,0,0,0,4,3,1,0,0,2,0,4,3,1,1,3,0,0,0,1,0,4,0,1,0,2,2,1,5,2,1,0,0,0,2,0,2,1,0,1,0,2,2,4,2,0,2,2,1,2,0,0,4,2,0,3,3,0,2,1,0,0,1,0,1,0,0,1,0,1,0,0,3,3,0,0,2,0,0,2,1,3,1,3
8,4,4,1,2,3,3,0,1,1,0,2,0,0,1,0,2,0,5,0,0,0,4,3,0,0,2,2,0,4,3,1,1,3,0,0,0,1,0,4,0,1,0,2,2,1,5,2,1,0,0,0,2,0,2,1,0,1,0,2,2,4,2,4,2,2,1,2,0,0,4,2,0,3,1,0,2,1,0,0,1,0,1,0,0,1,0,1,1,0,3,3,0,0,2,0,0,2,1,3,1,1
8,5,4,1,2,3,3,0,1,1,0,2,0,0,1,0,2,0,4,0,0,0,4,3,0,0,2,2,0,4,3,1,1,1,0,0,0,1,0,4,0,1,0,2,2,1,5,2,1,0,0,0,2,0,2,1,0,1,2,2,2,4,2,4,2,2,1,2,0,0,4,2,0,3,1,0,2,1,0,0,1,0,1,0,0,1,0,1,1,0,3,1,0,0,2,0,0,2,1,3,1,1
8,6,4,1,2,3,3,0,1,1,0,2,0,0,1,0,2,0,4,0,0,0,4,3,0,0,2,2,0,4,3,1,1,1,0,0,0,1,0,4,0,1,0,2,2,1,5,2,1,0,0,0,2,0,2,1,0,1,2,2,2,4,2,4,2,2,1,2,0,0,4,2,0,3,1,0,2,1,0,0,1,0,1,0,0,1,0,1,1,0,3,1,0,0,2,0,0,2,1,3,1,1
8,7,4,1,2,3,3,0,1,1,0,2,0,0,1,0,2,0,4,0,0,0,4,3,0,0,2,2,0,4,3,1,1,1,0,0,0,1,0,4,0,1,0,2,2,1,5,2,1,0,0,0,2,0,2,1,0,1,2,2,2,4,2,4,2,2,1,2,0,0,4,2,0,3,1,0,2,1,0,0,1,0,1,0,0,1,0,1,1,0,3,1,0,0,2,0,0,2,1,3,1,1
8,8,4,1,2,3,3,0,1,1,0,2,0,0,1,0,2,0,4,0,0,0,4,3,0,0,2,2,0,4,3,1,1,1,0,0,0,1,0,4,0,1,0,2,2,1,5,2,1,0,0,0,2,0,2,1,0,1,2,2,2,4,2,4,2,2,1,2,0,0,4,2,0,3,1,0,2,1,0,0,1,0,1,0,0,1,0,1,1,0,3,1,0,0,2,0,0,2,1,3,1,1
8,9,4,1,2,3,3,0,1,1,0,2,0,0,1,0,2,0,4,0,0,0,4,3,0,0,2,2,0,4,3,1,1,1,0,0,0,1,0,4,0,1,0,2,2,1,5,2,1,0,0,0,2,0,2,1,0,1,2,2,2,4,2,4,2,2,1,2,0,0,4,2,0,3,1,0,2,1,0,0,1,0,1,0,0,1,0,1,1,0,3,1,0,0,2,0,0,2,1,3,1,1
8,10,4,1,2,3,3,0,1,1,0,2,0,0,1,0,2,0,4,0,0,0,4,3,0,0,2,2,0,4,3,1,1,1,0,0,0,1,0,4,0,1,0,2,2,1,5,2,1,0,0,0,2,0,2,1,0,1,2,2,2,4,2,4,2,2,1,2,0,0,4,2,0,3,1,0,2,1,0,0,1,0,1,0,0,1,0,1,1,0,3,1,0,0,2,0,0,2,1,3,1,1
8,11,4,1,2,3,3,0,1,1,0,2,0,0,1,0,2,0,4,0,0,0,4,3,0,0,2,2,0,4,3,1,1,1,0,0,0,1,0,4,0,1,0,2,2,1,5,2,1,0,0,0,2,0,2,1,0,1,2,2,2,4,2,4,2,2,1,2,0,0,4,2,0,3,1,0,2,1,0,0,1,0,1,0,0,1,0,1,1,0,3,1,0,0,2,0,0,2,1,3,1,1
8,12,4,1,2,3,3,0,1,1,0,2,0,0,1,0,2,0,4,0,0,0,4,3,0,0,2,2,0,4,3,1,1,1,0,0,0,1,0,4,0,1,0,2,2,1,5,2,1,0,0,0,2,0,2,1,0,1,2,2,2,4,2,4,2,2,1,2,0,0,4,2,0,3,1,0,2,1,0,0,1,0,1,0,0,1,0,1,1,0,3,1,0,0,2,0,0,2,1,3,1,1
8,13,4,1,2,3,3,0,1,1,0,2,0,0,1,0,2,0,4,0,0,0,4,3,0,0,2,2,0,4,3,1,1,1,0,0,0,1,0,4,0,1,0,2,2,1,5,2,1,0,0,0,2,0,2,1,0,1,2,2,2,4,2,4,2,2,1,2,0,0,4,2,0,3,1,0,2,1,0,0,1,0,1,0,0,1,0,1,1,0,3,1,0,0,2,0,0,2,1,3,1,1
8,14,4,1,2,3,3,0,1,1,0,2,0,0,1,0,2,0,4,0,0,0,4,3,0,0,2,2,0,4,3,1,1,1,0,0,0,1,0,4,0,1,0,2,2,1,5,2,1,0,0,0,2,0,2,1,0,1,2,2,2,4,2,4,2,2,1,2,0,0,4,2,0,3,1,0,2,1,0,0,1,0,1,0,0,1,0,1,1,0,3,1,0,0,2,0,0,2,1,3,1,1
8,15,4,1,2,3,3,0,1,1,0,2,0,0,1,0,2,0,4,0,0,0,4,3,0,0,2,2,0,4,3,1,1,1,0,0,0,1,0,4,0,1,0,2,2,1,5,2,1,0,0,0,2,0,2,1,0,1,2,2,2,4,2,4,2,2,1,2,0,0,4,2,0,3,1,0,2,1,0,0,1,0,1,0,0,1,0,1,1,0,3,1,0,0,2,0,0,2,1,3,1,1
8,16,4,1,2,3,3,0,1,1,0,2,0,0,1,0,2,0,4,0,0,0,4,3,0,0,2,2,0,4,3,1,1,1,0,0,0,1,0,4,0,1,0,2,2,1,5,2,1,0,0,0,2,0,2,1,0,1,2,2,2,4,2,4,2,2,1,2,0,0,4,2,0,3,1,0,2,1,0,0,1,0,1,0,0,1,0,1,1,0,3,1,0,0,2,0,0,2,1,3,1,1
8,17,4,1,2,3,3,0,1,1,0,2,0,0,1,0,2,0,4,0,0,0,4,3,0,0,2,2,0,4,3,1,1,1,0,0,0,1,0,4,0,1,0,2,2,1,5,2,1,0,0,0,2,0,2,1,0,1,2,2,2,4,2,4,2,2,1,2,0,0,4,2,0,3,1,0,2,1,0,0,1,0,1,0,0,1,0,1,1,0,3,1,0,0,2,0,0,2,1,3,1,1
8,18,4,1,2,3,3,0,1,1,0,2,0,0,1,0,2,0,4,0,0,0,4,3,0,0,2,2,0,4,3,1,1,1,0,0,0,1,0,4,0,1,0,2,2,1,5,2,1,0,0,0,2,0,2,1,0,1,2,2,2,4,2,4,2,2,1,2,0,0,4,2,0,3,1,0,2,1,0,0,1,0,1,0,0,1,0,1,1,0,3,1,0,0,2,0,0,2,1,3,1,1
8,19,4,1,2,3,3,0,1,1,0,2,0,0,1,0,2,0,4,0,0,0,4,3,0,0,2,2,0,4,3,1,1,1,0,0,0,1,0,4,0,1,0,2,2,1,5,2,1,0,0,0,2,0,2,1,0,1,2,2,2,4,2,4,2,2,1,2,0,0,4,2,0,3,1,0,2,1,0,0,1,0,1,0,0,1,0,1,1,0,3,1,0,0,2,0,0,2,1,3,1,1
8,20,4,1,2,3,3,0,1,1,0,2,0,0,1,0,2,0,4,0,0,0,4,3,0,0,2,2,0,4,3,1,1,1,0,0,0,1,0,4,0,1,0,2,2,1,5,2,1,0,0,0,2,0,2,1,0,1,2,2,2,4,2,4,2,2,1,2,0,0,4,2,0,3,1,0,2,1,0,0,1,0,1,0,0,1,0,1,1,0,3,1,0,0,2,0,0,2,1,3,1,1
8,21,4,1,2,3,3,0,1,1,0,2,0,0,1,0,2,0,4,0,0,0,4,3,0,0,2,2,0,4,3,1,1,1,0,0,0,1,0,4,0,1,0,2,2,1,5,2,1,0,0,0,2,0,2,1,0,1,2,2,2,4,2,4,2,2,1,2,0,0,4,2,0,3,1,0,2,1,0,0,1,0,1,0,0,1,0,1,1,0,3,1,0,0,2,0,0,2,1,3,1,1
8,22,4,1,2,3,3,0,1,1,0,2,0,0,1,0,2,0,4,0,0,0,4,3,0,0,2,2,0,4,3,1,1,1,0,0,0,1,0,4,0,1,0,2,2,1,5,2,1,0,0,0,2,0,2,1,0,1,2,2,2,4,2,4,2,2,1,2,0,0,4,2,0,3,1,0,2,1,0,0,1,0,1,0,0,1,0,1,1,0,3,1,0,0,2,0,0,2,1,3,1,1
8,23,4,1,2,3,3,0,1,1,0,2,0,0,1,0,2,0,4,0,0,0,4,3,0,0,2,2,0,4,3,1,1,1,0,0,0,1,0,4,0,1,0,2,2,1,5,2,1,0,0,0,2,0,2,1,0,1,2,2,2,4,2,4,2,2,1,2,0,0,4,2,0,3,1,0,2,1,0,0,1,0,1,0,0,1,0,1,1,0,3,1,0,0,2,0,0,2,1,3,1,1
8,24,4,1,2,3,3,0,1,1,0,2,0,0,1,0,2,0,4,0,0,0,4,3,0,0,2,2,0,4,3,1,1,1,0,0,0,1,0,4,0,1,0,2,2,1,5,2,1,0,0,0,2,0,2,1,0,1,2,2,2,4,2,4,2,2,1,2,0,0,4,2,0,3,1,0,2,1,0,0,1,0,1,0,0,1,0,1,1,0,3,1,0,0,2,0,0,2,1,3,1,1
8,25,4,1,2,3,3,0,1,1,0,2,0,0,1,0,2,0,4,0,0,0,4,3,0,0,2,2,0,4,3,1,1,1,0,0,0,1,0,4,0,1,0,2,2,1,5,2,1,0,0,0,2,0,2,1,0,1,2,2,2,4,2,4,2,2,1,2,0,0,4,2,0,3,1,0,2,1,0,0,1,0,1,0,0,1,0,1,1,0,3,1,0,0,2,0,0,2,1,3,1,1
8,26,4,1,2,3,3,0,1,1,0,2,0,0,1,0,2,0,4,0,0,0,4,3,0,0,2,2,0,4,3,1,1,1,0,0,0,1,0,4,0,1,0,2,2,1,5,2,1,0,0,0,2,0,2,1,0,1,2,2,2,4,2,4,2,2,1,2,0,0,4,2,0,3,1,0,2,1,0,0,1,0,1,0,0,1,0,1,1,0,3,1,0,0,2,0,0,2,1,3,1,1
8,27,4,1,2,3,3,0,1,1,0,2,0,0,1,0,2,0,4,0,0,0,4,3,0,0,2,2,0,4,3,1,1,1,0,0,0,1,0,4,0,1,0,2,2,1,5,2,1,0,0,0,2,0,2,1,0,1,2,2,2,4,2,4,2,2,1,2,0,0,4,2,0,3,1,0,2,1,0,0,1,0,1,0,0,1,0,1,1,0,3,1,0,0,2,0,0,2,1,3,1,1
8,28,4,1,2,3,3,0,1,1,0,2,0,0,1,0,2,0,4,0,0,0,4,3,0,0,2,2,0,4,3,1,1,1,0,0,0,1,0,4,0,1,0,2,2,1,5,2,1,0,0,0,2,0,2,1,0,1,2,2,2,4,2,4,2,2,1,2,0,0,4,2,0,3,1,0,2,1,0,0,1,0,1,0,0,1,0,1,1,0,3,1,0,0,2,0,0,2,1,3,1,1
8,29,4,1,2,3,3,0,1,1,0,2,0,0,1,0,2,0,4,0,0,0,4,3,0,0,2,2,0,4,3,1,1,1,0,0,0,1,0,4,0,1,0,2,2,1,5,2,1,0,0,0,2,0,2,1,0,1,2,2,2,4,2,4,2,2,1,2,0,0,4,2,0,3,1,0,2,1,0,0,1,0,1,0,0,1,0,1,1,0,3,1,0,0,2,0,0,2,1,3,1,1
8,30,4,1,2,3,3,0,1,1,0,2,0,0,1,0,2,0,4,0,0,0,4,3,0,0,2,2,0,4,3,1,1,1,0,0,0,1,0,4,0,1,0,2,2,1,5,2,1,0,0,0,2,0,2,1,0,1,2,2,2,4,2,4,2,2,1,2,0,0,4,2,0,3,1,0,2,1,0,0,1,0,1,0,0,1,0,1,1,0,3,1,0,0,2,0,0,2,1,3,1,1
8,31,4,1,2,3,3,0,1,1,0,2,0,0,1,0,2,0,4,0,0,0,4,3,0,0,2,2,0,4,3,1,1,1,0,0,0,1,0,4,0,1,0,2,2,1,5,2,1,0,0,0,2,0,2,1,0,1,2,2,2,4,2,4,2,2,1,2,0,0,4,2,0,3,1,0,2,1,0,0,1,0,1,0,0,1,0,1,1,0,3,1,0,0,2,0,0,2,1,3,1,1
8,32,4,1,2,3,3,0,1,1,0,2,0,0,1,0,2,0,4,0,0,0,4,3,0,0,2,2,0,4,3,1,1,1,0,0,0,1,0,4,0,1,0,2,2,1,5,2,1,0,0,0,2,0,2,1,0,1,2,2,2,4,2,4,2,2,1,2,0,0,4,2,0,3,1,0,2,1,0,0,1,0,1,0,0,1,0,1,1,0,3,1,0,0,2,0,0,2,1,3,1,1
8,33,4,1,2,3,3,0,1,1,0,2,0,0,1,0,2,0,4,0,0,0,4,3,0,0,2,2,0,4,3,1,1,1,0,0,0,1,0,4,0,1,0,2,2,1,5,2,1,0,0,0,2,0,2,1,0,1,2,2,2,4,2,4,2,2,1,2,0,0,4,2,0,3,1,0,2,1,0,0,1,0,1,0,0,1,0,1,1,0,3,1,0,0,2,0,0,2,1,3,1,1
8,34,4,1,2,3,3,0,1,1,0,2,0,0,1,0,2,0,4,0,0,0,4,3,0,0,2,2,0,4,3,1,1,1,0,0,0,1,0,4,0,1,0,2,2,1,5,2,1,0,0,0,2,0,2,1,0,1,2,2,2,4,2,4,2,2,1,2,0,0,4,2,0,3,1,0,2,1,0,0,1,0,1,0,0,1,0,1,1,0,3,1,0,0,2,0,0,2,1,3,1,1
8,35,4,1,2,3,3,0,1,1,0,2,0,0,1,0,2,0,4,0,0,0,4,3,0,0,2,2,0,4,3,1,1,1,0,0,0,1,0,4,0,1,0,2,2,1,5,2,1,0,0,0,2,0,2,1,0,1,2,2,2,4,2,4,2,2,1,2,0,0,4,2,0,3,1,0,2,1,0,0,1,0,1,0,0,1,0,1,1,0,3,1,0,0,2,0,0,2,1,3,1,1
8,36,4,1,2,3,3,0,1,1,0,2,0,0,1,0,2,0,4,0,0,0,4,3,0,0,2,2,0,4,3,1,1,1,0,0,0,1,0,4,0,1,0,2,2,1,5,2,1,0,0,0,2,0,2,1,0,1,2,2,2,4,2,4,2,2,1,2,0,0,4,2,0,3,1,0,2,1,0,0,1,0,1,0,0,1,0,1,1,0,3,1,0,0,2,0,0,2,1,3,1,1
8,37,4,1,2,3,3,0,1,1,0,2,0,0,1,0,2,0,4,0,0,0,4,3,0,0,2,2,0,4,3,1,1,1,0,0,0,1,0,4,0,1,0,2,2,1,5,2,1,0,0,0,2,0,2,1,0,1,2,2,2,4,2,4,2,2,1,2,0,0,4,2,0,3,1,0,2,1,0,0,1,0,1,0,0,1,0,1,1,0,3,1,0,0,2,0,0,2,1,3,1,1
8,38,4,1,2,3,3,0,1,1,0,2,0,0,1,0,2,0,4,0,0,0,4,3,0,0,2,2,0,4,3,1,1,1,0,0,0,1,0,4,0,1,0,2,2,1,5,2,1,0,0,0,2,0,2,1,0,1,2,2,2,4,2,4,2,2,1,2,0,0,4,2,0,3,1,0,2,1,0,0,1,0,1,0,0,1,0,1,1,0,3,1,0,0,2,0,0,2,1,3,1,1
8,39,4,1,2,3,3,0,1,1,0,2,0,0,1,0,2,0,4,0,0,0,4,3,0,0,2,2,0,4,3,1,1,1,0,0,0,1,0,4,0,1,0,2,2,1,5,2,1,0,0,0,2,0,2,1,0,1,2,2,2,4,2,4,2,2,1,2,0,0,4,2,0,3,1,0,2,1,0,0,1,0,1,0,0,1,0,1,1,0,3,1,0,0,2,0,0,2,1,3,1,1
9,0,2,2,2,1,1,5,0,2,0,0,3,0,2,4,0,1,0,1,0,1,0,0,0,2,3,3,0,1,0,1,0,1,0,4,0,2,1,2,1,0,1,1,3,0,0,1,3,2,4,0,0,0,0,4,4,1,2,1,2,0,3,0,0,0,0,0,0,6,0,0,0,1,0,0,3,2,2,2,1,0,1,0,0,0,0,0,1,1,0,0,0,1,3,0,0,0,0,4,0,1
9,1,1,0,1,3,0,5,0,2,0,0,3,0,2,4,0,1,0,1,0,1,0,0,0,2,3,3,0,1,0,1,0,1,0,4,0,2,1,0,4,0,1,1,3,0,0,2,2,2,4,2,6,2,1,4,4,1,2,1,2,0,3,0,0,0,0,0,0,6,0,3,0,1,1,0,0,2,0,2,1,0,1,0,0,0,0,0,0,1,2,0,0,1,3,0,0,0,0,0,0,1
9,2,1,0,1,3,0,5,0,2,0,0,3,0,2,4,0,1,0,1,0,1,0,0,0,2,3,4,1,3,0,1,0,1,0,4,0,2,2,0,4,0,1,1,3,1,0,2,0,2,4,2,6,2,1,4,4,1,2,1,2,0,3,0,0,1,1,0,0,6,0,3,0,1,1,0,0,2,0,2,1,0,1,0,0,0,2,0,0,1,2,0,0,1,0,0,0,0,2,0,0,1
9,3,1,0,1,3,0,5,0,2,0,0,3,0,2,0,0,3,1,2,0,1,0,0,1,2,3,4,1,3,0,1,4,1,0,4,0,2,2,0,4,0,1,1,3,1,0,2,0,2,4,2,6,2,1,4,4,1,2,1,2,0,5,0,0,1,1,0,0,6,0,3,0,1,1,0,0,2,0,2,1,0,1,0,0,0,2,0,0,1,2,0,0,1,0,0,0,0,2,0,0,1
9,4,1,0,1,3,0,5,0,2,0,0,3,0,2,0,0,3,1,2,0,1,0,2,0,2,3,4,1,3,0,1,4,1,0,4,0,2,2,0,4,0,1,1,3,1,0,2,0,2,4,2,6,2,1,4,4,1,2,1,2,0,5,0,2,1,1,0,0,6,0,3,0,1,1,0,0,2,0,2,1,0,1,0,0,0,2,0,0,1,2,0,0,1,0,0,0,0,2,0,0,1
9,5,1,0,1,3,0,5,0,4,0,0,3,0,2,0,0,3,1,2,0,1,0,2,0,2,3,4,1,3,0,1,4,1,0,4,0,2,2,0,4,0,1,1,3,1,0,2,0,2,4,2,6,2,1,0,4,4,2,1,2,0,5,0,2,1,1,0,0,6,0,3,0,1,1,0,0,2,0,2,1,0,1,0,0,0,2,0,0,1,2,0,0,1,0,0,0,1,2,0,0,1
9,6,1,0,1,3,0,5,0,4,0,0,3,0,2,0,0,3,1,2,0,1,0,0,0,2,3,4,1,3,0,1,4,1,0,4,0,2,2,1,4,0,1,1,3,1,0,2,0,2,4,2,6,2,1,0,4,4,2,1,2,0,5,0,2,1,1,0,0,6,0,3,0,1,1,0,0,2,0,2,2,0,1,0,0,0,2,0,0,1,2,0,0,1,0,0,0,1,2,0,0,1
9,7,1,0,1,3,0,5,0,4,0,0,3,0,2,0,0,3,1,2,0,1,0,0,0,2,3,4,1,3,0,1,4,1,0,4,0,2,2,1,4,0,1,1,3,1,0,2,0,4,4,2,6,2,1,0,4,4,2,1,2,0,5,0,2,0,1,0,0,6,0,3,0,1,1,0,0,2,0,2,2,0,1,0,0,0,2,0,0,1,2,0,0,1,0,0,0,1,2,0,0,1
9,8,1,0,1,3,0,5,0,4,0,0,3,0,2,0,0,3,1,2,0,1,0,0,0,2,3,4,1,3,0,1,4,1,0,4,0,2,2,1,4,0,1,1,3,1,0,2,0,4,4,2,6,2,1,0,4,4,2,1,2,0,5,0,2,0,1,0,0,6,0,3,0,1,1,0,0,2,0,2,2,0,1,0,0,0,2,0,0,1,2,0,0,1,0,0,0,1,2,0,0,1
9,9,1,0,1,3,0,5,0,4,0,0,3,0,2,0,0,3,1,2,0,1,0,0,0,2,3,4,1,3,0,1,4,1,0,4,0,2,2,1,4,0,1,1,3,1,0,2,0,4,4,2,6,2,1,0,4,4,2,1,2,0,5,0,2,0,1,0,0,6,0,3,0,1,1,0,0,2,0,2,2,0,1,0,0,0,2,0,0,1,2,0,0,1,0,0,0,1,2,0,0,1
9,10,1,0,1,3,0,5,0,4,0,0,3,0,2,0,0,3,1,2,0,1,0,0,0,2,3,4,1,3,0,1,4,1,0,4,0,2,2,1,4,0,1,1,3,1,0,2,0,4,4,2,6,2,1,0,4,4,2,1,2,0,5,0,2,0,1,0,0,6,0,3,0,1,1,0,0,2,0,2,2,0,1,0,0,0,2,0,0,1,2,0,0,1,0,0,0,1,2,0,0,1
9,11,1,0,1,3,0,5,0,4,0,0,3,0,2,0,0,3,1,2,0,1,0,0,0,2,3,4,1,3,0,1,4,1,0,4,0,2,2,1,4,0,1,1,3,1,0,2,0,4,4,2,6,2,1,0,4,4,2,1,2,0,5,0,2,0,1,0,0,6,0,3,0,1,1,0,0,2,0,2,2,0,1,0,0,0,2,0,0,1,2,0,0,1,0,0,0,1,2,0,0,1
9,12,1,0,1,3,0,5,0,4,0,0,3,0,2,0,0,3,1,2,0,1,0,0,0,2,3,4,1,3,0,1,4,1,0,4,0,2,2,1,4,0,1,1,3,1,0,2,0,4,4,2,6,2,1,0,4,4,2,1,2,0,5,0,2,0,1,0,0,6,0,3,0,1,1,0,0,2,0,2,2,0,1,0,0,0,2,0,0,1,2,0,0,1,0,0,0,1,2,0,0,1
9,13,1,0,1,3,0,5,0,4,0,0,3,0,2,0,0,3,1,2,0,1,0,0,0,2,3,4,1,3,0,1,4,1,0,4,0,2,2,1,4,0,1,1,3,1,0,2,0,4,4,2,6,2,1,0,4,4,2,1,2,0,5,0,2,0,1,0,0,6,0,3,0,1,1,0,0,2,0,2,2,0,1,0,0,0,2,0,0,1,2,0,0,1,0,0,0,1,2,0,0,1
9,14,1,0,1,3,0,5,0,4,0,0,3,0,2,0,0,3,1,2,0,1,0,0,0,2,3,4,1,3,0,1,4,1,0,4,0,2,2,1,4,0,1,1,3,1,0,2,0,4,4,2,6,2,1,0,4,4,2,1,2,0,5,0,2,0,1,0,0,6,0,3,0,1,1,0,0,2,0,2,2,0,1,0,0,0,2,0,0,1,2,0,0,1,0,0,0,1,2,0,0,1
9,15,1,0,1,3,0,5,0,4,0,0,3,0,2,0,0,3,1,2,0,1,0,0,0,2,3,4,1,3,0,1,4,1,0,4,0,2,2,1,4,0,1,1,3,1,0,2,0,4,4,2,6,2,1,0,4,4,2,1,2,0,5,0,2,0,1,0,0,6,0,3,0,1,1,0,0,2,0,2,2,0,1,0,0,0,2,0,0,1,2,0,0,1,0,0,0,1,2,0,0,1
9,16,1,0,1,3,0,5,0,4,0,0,3,0,2,0,0,3,1,2,0,1,0,0,0,2,3,4,1,3,0,1,4,1,0,4,0,2,2,1,4,0,1,1,3,1,0,2,0,4,4,2,6,2,1,0,4,4,2,1,2,0,5,0,2,0,1,0,0,6,0,3,0,1,1,0,0,2,0,2,2,0,1,0,0,0,2,0,0,1,2,0,0,1,0,0,0,1,2,0,0,1
9,17,1,0,1,3,0,5,0,4,0,0,3,0,2,0,0,3,1,2,0,1,0,0,0,2,3,4,1,3,0,1,4,1,0,4,0,2,2,1,4,0,1,1,3,1,0,2,0,4,4,2,6,2,1,0,4,4,2,1,2,0,5,0,2,0,1,0,0,6,0,3,0,1,1,0,0,2,0,2,2,0,1,0,0,0,2,0,0,1,2,0,0,1,0,0,0,1,2,0,0,1
9,18,1,0,1,3,0,5,0,4,0,0,3,0,2,0,0,3,1,2,0,1,0,0,0,2,3,4,1,3,0,1,4,1,0,4,0,2,2,1,4,0,1,1,3,1,0,2,0,4,4,2,6,2,1,0,4,4,2,1,2,0,5,0,2,0,1,0,0,6,0,3,0,1,1,0,0,2,0,2,2,0,1,0,0,0,2,0,0,1,2,0,0,1,0,0,0,1,2,0,0,1
9,19,1,0,1,3,0,5,0,4,0,0,3,0,2,0,0,3,1,2,0,1,0,0,0,2,3,4,1,3,0,1,4,1,0,4,0,2,2,1,4,0,1,1,3,1,0,2,0,4,4,2,6,2,1,0,4,4,2,1,2,0,5,0,2,0,1,0,0,6,0,3,0,1,1,0,0,2,0,2,2,0,1,0,0,0,2,0,0,1,2,0,0,1,0,0,0,1,2,0,0,1
9,20,1,0,1,3,0,5,0,4,0,0,3,0,2,0,0,3,1,2,0,1,0,0,0,2,3,4,1,3,0,1,4,1,0,4,0,2,2,1,4,0,1,1,3,1,0,2,0,4,4,2,6,2,1,0,4,4,2,1,2,0,5,0,2,0,1,0,0,6,0,3,0,1,1,0,0,2,0,2,2,0,1,0,0,0,2,0,0,1,2,0,0,1,0,0,0,1,2,0,0,1
9,21,1,0,1,3,0,5,0,4,0,0,3,0,2,0,0,3,1,2,0,1,0,0,0,2,3,4,1,3,0,1,4,1,0,4,0,2,2,1,4,0,1,1,3,1,0,2,0,4,4,2,6,2,1,0,4,4,2,1,2,0,5,0,2,0,1,0,0,6,0,3,0,1,1,0,0,2,0,2,2,0,1,0,0,0,2,0,0,1,2,0,0,1,0,0,0,1,2,0,0,1
9,22,1,0,1,3,0,5,0,4,0,0,3,0,2,0,0,3,1,2,0,1,0,0,0,2,3,4,1,3,0,1,4,1,0,4,0,2,2,1,4,0,1,1,3,1,0,2,0,4,4,2,6,2,1,0,4,4,2,1,2,0,5,0,2,0,1,0,0,6,0,3,0,1,1,0,0,2,0,2,2,0,1,0,0,0,2,0,0,1,2,0,0,1,0,0,0,1,2,0,0,1
9,23,1,0,1,3,0,5,0,4,0,0,3,0,2,0,0,3,1,2,0,1,0,0,0,2,3,4,1,3,0,1,4,1,0,4,0,2,2,1,4,0,1,1,3,1,0,2,0,4,4,2,6,2,1,0,4,4,2,1,2,0,5,0,2,0,1,0,0,6,0,3,0,1,1,0,0,2,0,2,2,0,1,0,0,0,2,0,0,1,2,0,0,1,0,0,0,1,2,0,0,1
9,24,1,0,1,3,0,5,0,4,0,0,3,0,2,0,0,3,1,2,0,1,0,0,0,2,3,4,1,3,0,1,4,1,0,4,0,2,2,1,4,0,1,1,3,1,0,2,0,4,4,2,6,2,1,0,4,4,2,1,2,0,5,0,2,0,1,0,0,6,0,3,0,1,1,0,0,2,0,2,2,0,1,0,0,0,2,0,0,1,2,0,0,1,0,0,0,1,2,0,0,1
9,25,1,0,1,3,0,5,0,4,0,0,3,0,2,0,0,3,1,2,0,1,0,0,0,2,3,4,1,3,0,1,4,1,0,4,0,2,2,1,4,0,1,1,3,1,0,2,0,4,4,2,6,2,1,0,4,4,2,1,2,0,5,0,2,0,1,0,0,6,0,3,0,1,1,0,0,2,0,2,2,0,1,0,0,0,2,0,0,1,2,0,0,1,0,0,0,1,2,0,0,1
9,26,1,0,1,3,0,5,0,4,0,0,3,0,2,0,0,3,1,2,0,1,0,0,0,2,3,4,1,3,0,1,4,1,0,4,0,2,2,1,4,0,1,1,3,1,0,2,0,4,4,2,6,2,1,0,4,4,2,1,2,0,5,0,2,0,1,0,0,6,0,3,0,1,1,0,0,2,0,2,2,0,1,0,0,0,2,0,0,1,2,0,0,1,0,0,0,1,2,0,0,1
9,27,1,0,1,3,0,5,0,4,0,0,3,0,2,0,0,3,1,2,0,1,0,0,0,2,3,4,1,3,0,1,4,1,0,4,0,2,2,1,4,0,1,1,3,1,0,2,0,4,4,2,6,2,1,0,4,4,2,1,2,0,5,0,2,0,1,0,0,6,0,3,0,1,1,0,0,2,0,2,2,0,1,0,0,0,2,0,0,1,2,0,0,1,0,0,0,1,2,0,0,1
9,28,1,0,1,3,0,5,0,4,0,0,3,0,2,0,0,3,1,2,0,1,0,0,0,2,3,4,1,3,0,1,4,1,0,4,0,2,2,1,4,0,1,1,3,1,0,2,0,4,4,2,6,2,1,0,4,4,2,1,2,0,5,0,2,0,1,0,0,6,0,3,0,1,1,0,0,2,0,2,2,0,1,0,0,0,2,0,0,1,2,0,0,1,0,0,0,1,2,0,0,1
9,29,1,0,1,3,0,5,0,4,0,0,3,0,2,0,0,3,1,2,0,1,0,0,0,2,3,4,1,3,0,1,4,1,0,4,0,2,2,1,4,0,1,1,3,1,0,2,0,4,4,2,6,2,1,0,4,4,2,1,2,0,5,0,2,0,1,0,0,6,0,3,0,1,1,0,0,2,0,2,2,0,1,0,0,0,2,0,0,1,2,0,0,1,0,0,0,1,2,0,0,1
9,30,1,0,1,3,0,5,0,4,0,0,3,0,2,0,0,3,1,2,0,1,0,0,0,2,3,4,1,3,0,1,4,1,0,4,0,2,2,1,4,0,1,1,3,1,0,2,0,4,4,2,6,2,1,0,4,4,2,1,2,0,5,0,2,0,1,0,0,6,0,3,0,1,1,0,0,2,0,2,2,0,1,0,0,0,2,0,0,1,2,0,0,1,0,0,0,1,2,0,0,1
9,31,1,0,1,3,0,5,0,4,0,0,3,0,2,0,0,3,1,2,0,1,0,0,0,2,3,4,1,3,0,1,4,1,0,4,0,2,2,1,4,0,1,1,3,1,0,2,0,4,4,2,6,2,1,0,4,4,2,1,2,0,5,0,2,0,1,0,0,6,0,3,0,1,1,0,0,2,0,2,2,0,1,0,0,0,2,0,0,1,2,0,0,1,0,0,0,1,2,0,0,1
9,32,1,0,1,3,0,5,0,4,0,0,3,0,2,0,0,3,1,2,0,1,0,0,0,2,3,4,1,3,0,1,4,1,0,4,0,2,2,1,4,0,1,1,3,1,0,2,0,4,4,2,6,2,1,0,4,4,2,1,2,0,5,0,2,0,1,0,0,6,0,3,0,1,1,0,0,2,0,2,2,0,1,0,0,0,2,0,0,1,2,0,0,1,0,0,0,1,2,0,0,1
9,33,1,0,1,3,0,5,0,4,0,0,3,0,2,0,0,3,1,2,0,1,0,0,0,2,3,4,1,3,0,1,4,1,0,4,0,2,2,1,4,0,1,1,3,1,0,2,0,4,4,2,6,2,1,0,4,4,2,1,2,0,5,0,2,0,1,0,0,6,0,3,0,1,1,0,0,2,0,2,2,0,1,0,0,0,2,0,0,1,2,0,0,1,0,0,0,1,2,0,0,1
9,34,1,0,1,3,0,5,0,4,0,0,3,0,2,0,0,3,1,2,0,1,0,0,0,2,3,4,1,3,0,1,4,1,0,4,0,2,2,1,4,0,1,1,3,1,0,2,0,4,4,2,6,2,1,0,4,4,2,1,2,0,5,0,2,0,1,0,0,6,0,3,0,1,1,0,0,2,0,2,2,0,1,0,0,0,2,0,0,1,2,0,0,1,0,0,0,1,2,0,0,1
9,35,1,0,1,3,0,5,0,4,0,0,3,0,2,0,0,3,1,2,0,1,0,0,0,2,3,4,1,3,0,1,4,1,0,4,0,2,2,1,4,0,1,1,3,1,0,2,0,4,4,2,6,2,1,0,4,4,2,1,2,0,5,0,2,0,1,0,0,6,0,3,0,1,1,0,0,2,0,2,2,0,1,0,0,0,2,0,0,1,2,0,0,1,0,0,0,1,2,0,0,1
9,36,1,0,1,3,0,5,0,4,0,0,3,0,2,0,0,3,1,2,0,1,0,0,0,2,3,4,1,3,0,1,4,1,0,4,0,2,2,1,4,0,1,1,3,1,0,2,0,4,4,2,6,2,1,0,4,4,2,1,2,0,5,0,2,0,1,0,0,6,0,3,0,1,1,0,0,2,0,2,2,0,1,0,0,0,2,0,0,1,2,0,0,1,0,0,0,1,2,0,0,1
9,37,1,0,1,3,0,5,0,4,0,0,3,0,2,0,0,3,1,2,0,1,0,0,0,2,3,4,1,3,0,1,4,1,0,4,0,2,2,1,4,0,1,1,3,1,0,2,0,4,4,2,6,2,1,0,4,4,2,1,2,0,5,0,2,0,1,0,0,6,0,3,0,1,1,0,0,2,0,2,2,0,1,0,0,0,2,0,0,1,2,0,0,1,0,0,0,1,2,0,0,1
9,38,1,0,1,3,0,5,0,4,0,0,3,0,2,0,0,3,1,2,0,1,0,0,0,2,3,4,1,3,0,1,4,1,0,4,0,2,2,1,4,0,1,1,3,1,0,2,0,4,4,2,6,2,1,0,4,4,2,1,2,0,5,0,2,0,1,0,0,6,0,3,0,1,1,0,0,2,0,2,2,0,1,0,0,0,2,0,0,1,2,0,0,1,0,0,0,1,2,0,0,1
9,39,1,0,1,3,0,5,0,4,0,0,3,0,2,0,0,3,1,2,0,1,0,0,0,2,3,4,1,3,0,1,4,1,0,4,0,2,2,1,4,0,1,1,3,1,0,2,0,4,4,2,6,2,1,0,4,4,2,1,2,0,5,0,2,0,1,0,0,6,0,3,0,1,1,0,0,2,0,2,2,0,1,0,0,0,2,0,0,1,2,0,0,1,0,0,0,1,2,0,0,1
